t [steps];S0;S1;S2;S3;S4;S5;S6;S7;S8;S9;S10;S11;S12;S13;S14;S15;S16;S17;S18;S19;S20;S21;S22;S23;S24;S25;S26;S27;S28;S29;S30;S31
;C1[N]CN=CN1;C=NC/N=C\NN([O])[O];C=NCN(N([O])[O])C[N]N([O])[O];C=NCN/C=N\N([O])[O];C=NCNC=[N];C=NC[N]C=N;C=NC[N]N([O])[O];C=NN([O])[O];C=N[CH]NN([O])[O];C=[N];N=CN(N([O])[O])CN=C;N=C[N]N([O])[O];O;O=NN(N([O])[O])CN(N([O])[O])CN(N([O])[O])[CH2];O=NN1CN(CN(C1)N([O])[O])N([O])[O];O=NON([O])[O];ON(N1CN(CN(C1)N([O])[O])N([O])[O])[O];ON(N1[CH]N(CN(C1)N([O])[O])N([O])[O])[O];ON=O;[CH2]N=C;[N]=O;[O]N(N1CN(CN(C1)N([O])[O])N([O])[O])[O];[O]N(N1CN=CN(C1)N([O])[O])[O];[O]N(N1CNC=NC1)[O];[O]N(N1C[N]C=NC1)[O];[O]N(N1C[N]CN(C1)N([O])[O])[O];[O]N(N1C[N]C[N]C1)[O];[O]N(N1[CH]NCN(C1)N([O])[O])[O];[O]N(N1[CH]NC[N]C1)[O];[O]N([N]C[N]N([O])[O])[O];[O]N([O])[O];[O]N=O
40000.0;0;0;0;0;0;0;0;0;0;0;0;0;0;0;0;0;0;0;0;0;0;192;0;0;0;0;0;0;0;0;0;0
78000.0;0;0;0;0;0;0;0;0;0;0;0;0;0;0;0;0;0;0;0;0;0;191;0;0;0;1;0;0;0;0;0;1
88000.0;0;0;1;0;0;0;0;0;0;0;0;0;0;0;0;0;0;0;0;0;0;190;0;0;0;1;0;0;0;0;0;2
93000.0;0;0;1;0;0;0;0;0;0;0;0;0;0;0;0;0;0;0;0;0;0;189;0;0;0;2;0;0;0;0;0;3
98000.0;0;0;0;0;0;0;0;0;0;0;0;0;0;0;0;0;0;0;0;0;0;189;0;0;0;3;0;0;0;0;0;3
119000.0;0;0;0;0;0;0;0;0;0;0;0;0;0;0;0;0;0;0;0;0;0;188;0;0;0;4;0;0;0;0;0;4
120000.0;0;0;0;0;0;0;0;0;0;0;0;0;0;0;0;0;0;0;0;0;0;187;0;0;0;5;0;0;0;0;0;5
151000.0;0;0;0;0;0;0;0;0;0;0;0;0;0;0;0;0;0;0;0;0;0;186;0;0;0;6;0;0;0;0;0;6
158000.0;0;0;0;0;0;0;0;0;0;0;0;0;0;0;0;0;0;0;0;0;0;185;0;0;0;7;0;0;0;0;0;7
169000.0;0;0;0;0;0;0;0;0;0;0;0;0;0;0;0;0;0;0;0;0;0;184;0;0;0;8;0;0;0;0;0;8
174000.0;0;0;0;0;0;0;0;0;0;0;0;0;0;0;0;0;1;0;0;0;0;183;1;0;0;7;0;0;0;0;0;8
176000.0;0;0;0;0;0;0;0;0;0;0;0;0;0;0;0;0;1;0;0;0;0;182;1;0;0;8;0;0;0;0;0;9
189000.0;0;0;0;0;0;0;0;0;0;0;0;0;0;0;0;0;1;0;0;0;0;181;1;0;0;9;0;0;0;0;0;10
193000.0;0;0;0;0;0;0;0;0;0;0;0;0;0;0;0;0;1;0;0;0;0;180;1;0;0;10;0;0;0;0;0;11
196000.0;0;0;1;0;0;0;0;0;0;0;0;0;0;0;0;0;1;0;0;0;0;179;1;0;0;10;0;0;0;0;0;12
197000.0;0;0;0;0;0;0;0;0;0;0;0;0;0;0;0;0;1;0;0;0;0;179;1;0;0;11;0;0;0;0;0;12
202000.0;0;0;0;0;0;0;0;0;0;0;0;0;0;0;0;0;1;0;0;0;0;178;1;0;0;12;0;0;0;0;0;13
209000.0;0;0;0;0;0;0;0;0;0;0;0;0;0;0;0;0;1;0;0;0;0;177;1;0;0;13;0;0;0;0;0;14
227000.0;0;0;0;0;0;0;0;0;0;0;0;0;0;0;0;0;1;0;0;0;0;176;1;0;0;14;0;0;0;0;0;15
232000.0;0;0;0;0;0;0;0;0;0;0;0;0;0;0;0;0;1;0;0;0;0;175;1;0;0;15;0;0;0;0;0;16
237000.0;0;0;1;0;0;0;0;0;0;0;0;0;0;0;0;0;1;0;0;0;0;175;1;0;0;14;0;0;0;0;0;16
242000.0;0;0;1;0;0;0;0;0;0;0;0;0;0;0;0;0;1;0;0;0;0;174;1;0;0;15;0;0;0;0;0;17
249000.0;0;0;1;0;0;0;0;0;0;0;0;0;0;0;0;0;1;0;0;0;0;174;1;0;0;14;0;1;0;0;0;17
250000.0;0;0;1;0;0;0;0;0;0;0;0;0;0;0;1;0;1;0;0;0;0;173;1;0;0;14;0;1;0;0;1;16
253000.0;0;0;0;0;0;0;1;1;0;0;0;0;0;0;1;0;1;0;0;0;0;173;0;1;1;14;0;0;0;0;1;18
261000.0;0;0;1;0;0;0;1;1;0;0;0;0;0;0;1;0;1;0;0;0;0;173;0;1;1;13;0;0;0;0;1;18
264000.0;0;0;1;0;0;0;1;1;0;0;0;0;0;0;1;0;1;0;0;0;0;172;0;1;1;14;0;0;0;0;1;19
270000.0;0;0;1;0;0;0;1;1;0;0;0;0;0;0;1;0;1;0;0;0;0;171;0;1;1;15;0;0;0;0;1;20
274000.0;0;0;1;0;0;0;1;1;0;0;0;0;0;0;1;0;1;0;0;1;0;170;0;1;1;14;0;1;0;1;1;21
275000.0;0;0;1;0;0;0;1;1;0;0;0;0;0;0;1;0;1;0;0;0;0;170;0;1;1;15;0;1;0;0;1;21
276000.0;0;0;1;0;0;0;1;1;0;0;0;0;0;0;1;0;1;0;0;0;0;170;0;2;1;15;0;0;0;0;1;22
279000.0;0;0;1;0;0;0;0;2;0;1;0;0;0;0;1;0;1;0;0;0;0;170;0;2;1;15;0;0;0;0;1;22
281000.0;0;0;1;0;0;0;0;2;0;1;0;0;0;0;1;0;1;0;0;0;0;169;0;2;1;16;0;0;0;0;1;23
282000.0;0;0;2;0;0;0;0;2;0;1;0;0;0;0;1;0;1;0;0;0;0;169;0;2;1;15;0;0;0;0;1;23
284000.0;0;0;2;0;0;0;0;2;0;1;0;0;0;0;1;0;1;0;0;0;0;169;0;2;1;14;0;1;0;0;1;23
287000.0;0;0;2;0;0;0;0;2;0;1;0;0;0;0;1;0;1;0;0;0;0;169;0;3;1;14;0;0;0;0;1;24
290000.0;0;0;1;0;0;0;1;3;0;1;0;0;0;0;1;0;1;0;0;0;0;169;0;3;1;14;0;0;0;0;1;24
300000.0;0;0;0;0;0;0;1;5;0;2;0;0;0;0;1;0;1;0;0;0;0;169;0;3;1;14;0;0;0;0;1;24
302000.0;0;0;0;0;0;0;2;4;0;1;0;0;0;0;1;0;1;0;0;0;0;168;0;3;1;15;0;0;0;0;1;25
306000.0;0;0;0;0;0;0;2;4;0;1;0;0;0;0;1;0;1;0;0;0;0;167;0;3;1;16;0;0;0;0;1;26
307000.0;0;0;0;0;0;0;1;5;0;2;0;0;0;0;1;0;1;0;0;0;0;167;0;3;1;16;0;0;0;0;1;26
315000.0;0;0;0;0;0;0;1;5;0;2;0;0;0;0;1;0;1;0;0;0;0;166;0;3;1;17;0;0;0;0;1;27
318000.0;0;0;0;0;0;0;1;5;0;2;0;0;0;0;1;0;1;0;0;0;0;165;0;3;1;18;0;0;0;0;1;28
320000.0;0;0;0;0;0;0;1;5;0;2;0;0;0;0;1;0;1;0;0;0;0;165;0;3;1;17;0;1;0;0;1;28
322000.0;0;0;0;0;0;0;1;5;0;2;0;0;0;0;1;0;1;0;0;0;0;165;0;4;1;17;0;0;0;0;1;29
334000.0;0;0;0;0;0;0;0;6;0;3;0;0;0;0;1;0;1;0;0;0;0;165;0;4;1;17;0;0;0;0;1;29
338000.0;0;0;0;0;0;0;0;6;0;3;0;0;0;0;1;1;1;0;0;0;0;165;0;4;1;17;0;0;0;0;1;27
340000.0;0;0;0;0;0;0;0;6;0;3;0;0;0;0;1;0;1;0;0;0;1;165;0;4;1;17;0;0;0;0;2;27
342000.0;0;0;0;0;0;0;0;6;0;3;0;0;0;0;1;0;1;0;0;0;1;164;0;4;1;18;0;0;0;0;2;28
350000.0;0;0;0;0;0;0;0;6;0;3;0;0;0;0;1;0;1;0;0;0;1;164;0;5;1;17;0;0;0;0;2;29
357000.0;0;0;0;0;0;0;0;6;0;3;0;0;0;0;2;0;1;0;0;0;1;163;0;5;1;17;0;0;0;0;3;28
358000.0;0;0;0;0;0;0;0;6;0;3;0;0;0;0;2;0;1;0;0;0;1;162;0;5;1;18;0;0;0;0;3;29
374000.0;0;0;0;0;0;0;0;6;0;3;0;0;0;0;2;0;1;0;0;0;1;161;0;5;1;19;0;0;0;0;3;30
396000.0;0;0;0;0;0;0;0;6;0;3;0;0;0;0;2;0;1;0;0;0;1;160;0;5;1;20;0;0;0;0;3;31
402000.0;0;0;0;0;0;0;0;6;0;3;0;0;0;0;2;0;1;0;0;0;1;160;0;5;1;19;0;0;1;0;3;32
403000.0;0;0;0;1;0;0;0;6;0;3;0;0;0;0;2;0;1;0;0;0;1;160;0;5;1;19;0;0;0;0;3;32
406000.0;0;0;0;1;0;0;0;6;0;3;0;0;0;0;2;0;1;0;0;0;1;159;0;5;1;20;0;0;0;0;3;33
407000.0;0;0;0;0;0;0;0;6;0;3;1;0;0;0;2;0;1;1;0;0;1;159;0;5;1;19;0;0;0;0;3;32
408000.0;0;0;1;0;0;0;0;6;0;3;1;0;0;0;2;0;1;0;1;0;1;158;1;5;1;19;0;0;0;0;3;33
415000.0;0;0;2;0;0;0;0;6;0;3;1;0;0;0;2;0;1;0;1;0;1;157;1;5;1;19;0;0;0;0;3;34
417000.0;0;0;1;0;0;0;0;9;0;3;1;0;0;0;2;0;1;0;1;0;1;157;1;5;1;19;0;0;0;0;3;33
418000.0;0;0;1;0;0;0;0;9;0;3;1;0;0;1;2;0;1;0;1;0;0;156;1;5;1;19;0;0;0;0;3;33
419000.0;0;0;1;0;0;0;0;9;0;3;1;0;0;1;2;0;1;0;1;0;0;155;1;5;1;20;0;0;0;0;3;34
420000.0;0;0;1;0;0;0;0;9;0;3;1;0;0;1;2;0;1;0;1;0;0;155;1;5;1;19;0;1;0;0;3;34
421000.0;0;0;1;0;0;0;0;10;1;3;1;1;0;1;2;0;1;0;1;1;0;155;1;5;1;18;0;0;0;0;3;35
422000.0;0;0;1;0;0;0;0;9;0;3;1;0;0;1;2;0;1;0;1;0;0;155;1;6;1;18;0;0;1;0;3;36
429000.0;1;0;1;0;0;0;0;9;0;3;1;0;1;1;3;0;0;0;1;0;0;154;2;5;1;18;0;0;1;0;3;38
430000.0;1;0;2;0;0;0;0;9;0;3;1;0;1;1;3;0;0;0;1;0;0;154;2;5;1;17;0;0;1;0;3;38
436000.0;0;0;2;0;1;0;0;9;0;3;1;0;1;1;3;0;0;0;1;0;0;154;2;5;1;17;0;0;1;0;3;38
437000.0;0;0;3;0;0;1;0;9;0;3;1;0;1;1;3;0;0;0;1;0;0;154;2;5;1;16;0;0;1;0;3;38
438000.0;0;0;4;0;0;1;0;9;0;3;1;0;1;1;3;0;0;0;1;0;0;154;2;5;1;15;0;0;1;0;3;38
440000.0;0;0;4;1;0;1;0;9;0;3;1;0;1;1;3;0;0;0;1;0;0;154;1;5;2;15;0;0;0;0;3;39
450000.0;0;1;4;1;0;1;0;9;0;3;1;0;1;1;3;0;0;0;1;0;0;154;1;5;2;14;0;0;0;0;3;40
451000.0;0;0;4;1;0;1;0;9;0;3;1;0;1;1;3;0;0;0;1;0;0;154;1;6;2;14;0;0;0;0;3;40
452000.0;0;0;4;1;0;1;0;9;0;3;1;0;1;1;3;0;0;0;1;0;0;153;1;6;2;14;0;1;0;0;3;41
454000.0;0;0;4;1;0;1;0;9;0;3;1;0;1;1;3;0;0;0;1;0;0;153;1;7;2;14;0;0;0;0;3;42
455000.0;0;0;4;1;0;1;0;9;0;3;1;0;1;1;3;0;0;0;1;0;0;152;1;7;2;15;0;0;0;0;3;43
457000.0;0;0;4;1;0;1;0;9;0;3;1;0;1;1;3;0;0;0;1;0;0;151;1;7;2;16;0;0;0;0;3;44
459000.0;0;0;3;1;0;1;1;10;0;3;1;0;1;1;3;0;0;0;1;0;0;151;1;7;2;16;0;0;0;0;3;44
477000.0;0;0;3;1;0;1;1;10;0;3;1;0;1;0;4;0;0;0;1;0;0;151;1;7;2;16;0;0;0;0;3;45
485000.0;0;0;3;1;0;1;0;11;0;4;1;0;1;0;4;0;0;0;1;0;0;151;1;7;2;16;0;0;0;0;3;45
492000.0;0;0;3;1;0;1;0;11;0;4;1;0;1;0;4;0;0;0;1;0;0;151;1;7;2;15;0;1;0;0;3;45
493000.0;0;0;3;1;0;1;0;11;0;4;1;0;1;0;4;0;0;0;1;0;0;151;1;8;2;15;0;0;0;0;3;46
494000.0;0;0;4;1;0;1;0;11;0;4;1;0;1;0;4;0;0;0;1;0;0;151;1;8;2;14;0;0;0;0;3;46
511000.0;0;0;5;1;0;1;0;11;0;4;1;0;1;0;4;0;0;0;1;0;0;151;1;8;2;13;0;0;0;0;3;46
512000.0;0;0;4;1;0;1;0;11;0;4;1;0;1;0;4;0;0;0;1;0;0;151;1;8;2;13;0;1;0;0;3;46
515000.0;0;0;4;1;0;1;0;11;0;4;1;0;1;0;4;0;0;0;1;0;0;150;1;8;2;14;0;1;0;0;3;47
519000.0;0;0;3;1;0;1;1;12;0;4;1;0;1;0;4;0;0;0;1;0;0;149;1;8;2;15;0;1;0;0;3;48
520000.0;0;0;3;1;0;1;0;13;0;5;1;0;1;0;4;0;0;0;1;0;0;149;1;8;2;15;0;1;0;0;3;48
522000.0;0;0;2;1;0;1;1;14;0;5;1;0;1;0;4;0;0;0;1;0;0;149;1;8;2;15;0;1;0;0;3;48
524000.0;0;0;2;1;0;1;1;14;0;5;1;0;1;0;4;0;0;0;1;0;0;149;1;9;2;15;0;0;0;0;3;49
526000.0;0;0;2;1;0;1;1;14;0;5;1;0;1;0;4;0;0;0;1;0;0;148;1;9;2;16;0;0;0;0;3;50
531000.0;0;0;2;1;0;1;1;14;0;5;1;0;1;0;4;0;0;0;1;0;0;147;1;9;2;17;0;0;0;0;3;51
536000.0;0;0;3;1;0;1;1;14;0;5;1;0;1;0;4;0;0;0;1;0;0;147;1;9;2;16;0;0;0;0;3;51
537000.0;0;0;3;1;0;1;0;15;0;6;1;0;1;0;4;0;0;0;1;0;0;147;1;9;2;16;0;0;0;0;3;51
547000.0;0;0;3;1;0;1;0;14;0;7;1;0;1;0;4;0;0;0;1;0;0;147;1;9;2;16;0;0;0;0;3;52
549000.0;0;0;3;1;0;1;0;14;0;7;1;0;1;0;4;0;0;0;1;0;0;146;1;9;2;17;0;0;0;0;3;53
551000.0;0;0;3;1;0;1;0;14;0;7;1;1;1;0;4;0;0;0;2;1;0;146;1;8;3;16;0;0;0;0;3;53
555000.0;0;0;3;1;0;1;0;14;0;7;2;0;1;0;4;0;0;0;2;0;0;146;1;8;3;16;0;0;0;0;3;53
556000.0;0;0;3;1;0;1;0;14;0;7;2;0;1;0;4;0;0;0;2;0;0;145;1;8;3;17;0;0;0;0;3;54
557000.0;0;0;3;1;0;2;0;14;0;7;1;0;1;0;4;0;0;0;2;0;0;145;1;8;3;16;1;0;0;0;3;56
567000.0;0;0;3;1;0;2;0;14;0;7;1;0;1;0;4;0;0;0;2;0;0;144;1;8;3;17;1;0;0;0;3;57
570000.0;0;0;3;1;0;2;0;14;0;7;1;0;1;0;4;0;0;0;2;0;0;144;1;8;3;16;1;1;0;0;3;57
572000.0;0;0;4;1;0;2;0;14;0;7;1;0;1;0;4;0;0;0;2;0;0;144;1;8;3;15;1;1;0;0;3;57
573000.0;0;0;5;1;0;2;0;14;0;7;1;0;1;0;4;0;0;0;2;0;0;144;1;8;3;14;1;1;0;0;3;57
574000.0;0;0;4;1;0;2;0;14;0;7;1;0;1;0;4;0;0;0;2;0;0;144;1;9;3;14;1;1;0;0;3;58
575000.0;0;0;4;1;0;2;0;14;0;7;1;0;1;0;4;0;0;0;2;0;0;144;1;10;3;14;1;0;0;0;3;59
575000.0;0;0;4;1;0;2;0;14;0;7;1;0;1;0;4;0;0;0;2;0;0;144;1;10;3;14;1;0;0;0;3;59
