 ************************ Laplacian bond order matrix ************************
             1             2             3             4             5      
     1    0.42803957    0.00000000    0.00000000    0.00000000    0.00000007
     2    0.00000000    0.56310443    0.00000000    0.00000000    0.00000000
     3    0.00000000    0.00000000    0.60762251    0.00000000    0.00000000
     4    0.00000000    0.00000000    0.00000000    0.57643121    0.00000003
     5    0.00000007    0.00000000    0.00000000    0.00000003    2.65580278
     6    0.00000544    0.00001870    0.00002086    0.00000299    1.54037967
     7    0.00000010    0.00000000    0.00000000    0.00000000    0.59278733
     8    0.42703907    0.56308497    0.00000098    0.00000000    0.00000883
     9    0.00000000    0.00000076    0.60760067    0.57625642    0.00000653
    10    0.00000000    0.00000000    0.00000000    0.00000020    0.52259936
    11    0.00000000    0.00000000    0.00000000    0.00000000    0.00000450
    12    0.00099489    0.00000000    0.00000000    0.00000000    0.00000517
    13    0.00000000    0.00000000    0.00000000    0.00000000    0.00000483
    14    0.00000000    0.00000000    0.00000000    0.00017156    0.00000646
             6             7             8             9            10      
     1    0.00000544    0.00000010    0.42703907    0.00000000    0.00000000
     2    0.00001870    0.00000000    0.56308497    0.00000076    0.00000000
     3    0.00002086    0.00000000    0.00000098    0.60760067    0.00000000
     4    0.00000299    0.00000000    0.00000000    0.57625642    0.00000020
     5    1.54037967    0.59278733    0.00000883    0.00000653    0.52259936
     6    3.37834648    0.00000192    1.05041716    0.78749732    0.00000238
     7    0.00000192    1.73152199    0.00000001    0.00000000    0.00000179
     8    1.05041716    0.00000001    2.04056081    0.00000817    0.00000000
     9    0.78749732    0.00000000    0.00000817    1.97137067    0.00000002
    10    0.00000238    0.00000179    0.00000000    0.00000002    1.77284420
    11    0.00000000    0.52638018    0.00000000    0.00000000    0.00000168
    12    0.00000002    0.61235050    0.00000161    0.00000000    0.00000000
    13    0.00000000    0.00000016    0.00000000    0.00000000    0.66795895
    14    0.00000002    0.00000000    0.00000000    0.00000077    0.58227981
            11            12            13            14      
     1    0.00000000    0.00099489    0.00000000    0.00000000
     2    0.00000000    0.00000000    0.00000000    0.00000000
     3    0.00000000    0.00000000    0.00000000    0.00000000
     4    0.00000000    0.00000000    0.00000000    0.00017156
     5    0.00000450    0.00000517    0.00000483    0.00000646
     6    0.00000000    0.00000002    0.00000000    0.00000002
     7    0.52638018    0.61235050    0.00000016    0.00000000
     8    0.00000000    0.00000161    0.00000000    0.00000000
     9    0.00000000    0.00000000    0.00000000    0.00000077
    10    0.00000168    0.00000000    0.66795895    0.58227981
    11    0.52643377    0.00001384    0.00003359    0.00000000
    12    0.00001384    0.61336603    0.00000000    0.00000000
    13    0.00003359    0.00000000    0.66800952    0.00001199
    14    0.00000000    0.00000000    0.00001199    0.58247061
