 ************************ Laplacian bond order matrix ************************
             1             2             3             4             5      
     1    0.61861558    0.00000000    0.00000000    0.00000000    0.00002231
     2    0.00000000    0.61185215    0.00000000    0.00000000    0.00000666
     3    0.00000000    0.00000000    0.45438953    0.00000000    0.00000751
     4    0.00000000    0.00000000    0.00000000    0.64622916    0.00001032
     5    0.00002231    0.00000666    0.00000751    0.00001032    3.23857176
     6    0.00000000    0.00000000    0.00000004    0.00000055    1.32719508
     7    0.00000035    0.61184538    0.45380014    0.00000000    0.89154977
     8    0.61859292    0.00000010    0.00000000    0.64614344    1.01977514
     9    0.00000000    0.00000000    0.00000000    0.00000649    0.00000172
    10    0.00000000    0.00000000    0.00000015    0.00000000    0.00000318
    11    0.00000000    0.00000000    0.00000000    0.00000000    0.00000000
    12    0.00000000    0.00000000    0.00000000    0.00006837    0.00000000
    13    0.00000000    0.00000000    0.00058169    0.00000000    0.00000007
    14    0.00000000    0.00000000    0.00000000    0.00000000    0.00000000
             6             7             8             9            10      
     1    0.00000000    0.00000035    0.61859292    0.00000000    0.00000000
     2    0.00000000    0.61184538    0.00000010    0.00000000    0.00000000
     3    0.00000004    0.45380014    0.00000000    0.00000000    0.00000015
     4    0.00000055    0.00000000    0.64614344    0.00000649    0.00000000
     5    1.32719508    0.89154977    1.01977514    0.00000172    0.00000318
     6    2.49055352    0.00000469    0.00002045    0.53007657    0.63321143
     7    0.00000469    1.95720696    0.00000495    0.00000000    0.00000001
     8    0.00002045    0.00000495    2.28453724    0.00000017    0.00000000
     9    0.53007657    0.00000000    0.00000017    1.76684941    0.00000112
    10    0.63321143    0.00000001    0.00000000    0.00000112    1.76702203
    11    0.00001823    0.00000000    0.00000000    0.57842006    0.00000013
    12    0.00000572    0.00000000    0.00000008    0.65833936    0.00000000
    13    0.00000308    0.00000167    0.00000000    0.00000000    0.43750834
    14    0.00001768    0.00000000    0.00000000    0.00000393    0.69629767
            11            12            13            14      
     1    0.00000000    0.00000000    0.00000000    0.00000000
     2    0.00000000    0.00000000    0.00000000    0.00000000
     3    0.00000000    0.00000000    0.00058169    0.00000000
     4    0.00000000    0.00006837    0.00000000    0.00000000
     5    0.00000000    0.00000000    0.00000007    0.00000000
     6    0.00001823    0.00000572    0.00000308    0.00001768
     7    0.00000000    0.00000000    0.00000167    0.00000000
     8    0.00000000    0.00000008    0.00000000    0.00000000
     9    0.57842006    0.65833936    0.00000000    0.00000393
    10    0.00000013    0.00000000    0.43750834    0.69629767
    11    0.57851583    0.00000544    0.00000000    0.00007197
    12    0.00000544    0.65841898    0.00000000    0.00000000
    13    0.00000000    0.00000000    0.43810122    0.00000637
    14    0.00007197    0.00000000    0.00000637    0.69639762
