 ************************ Laplacian bond order matrix ************************
             1             2             3             4             5      
     1    0.54148007    0.00000000    0.00000000    0.00000000    0.00000948
     2    0.00000000    0.50025622    0.00000000    0.00000000    0.00002399
     3    0.00000000    0.00000000    0.58790670    0.00000000    0.00001762
     4    0.00000000    0.00000000    0.00000000    0.69420261    0.00001578
     5    0.00000948    0.00002399    0.00001762    0.00001578    3.21702569
     6    0.00000000    0.00000019    0.00000000    0.00000010    1.29332692
     7    0.54147020    0.49986954    0.00000060    0.00000000    0.96959804
     8    0.00000039    0.00000000    0.58788847    0.69410681    0.95402778
     9    0.00000000    0.00000056    0.00000000    0.00000000    0.00000227
    10    0.00000000    0.00000000    0.00000000    0.00000336    0.00000372
    11    0.00000000    0.00000000    0.00000000    0.00000000    0.00000000
    12    0.00000000    0.00036195    0.00000000    0.00000000    0.00000003
    13    0.00000000    0.00000000    0.00000000    0.00007656    0.00000007
    14    0.00000000    0.00000000    0.00000000    0.00000000    0.00000000
             6             7             8             9            10      
     1    0.00000000    0.54147020    0.00000039    0.00000000    0.00000000
     2    0.00000019    0.49986954    0.00000000    0.00000056    0.00000000
     3    0.00000000    0.00000060    0.58788847    0.00000000    0.00000000
     4    0.00000010    0.00000000    0.69410681    0.00000000    0.00000336
     5    1.29332692    0.96959804    0.95402778    0.00000227    0.00000372
     6    2.54517679    0.00000505    0.00000711    0.59024449    0.66155616
     7    0.00000505    2.01095371    0.00000984    0.00000001    0.00000000
     8    0.00000711    0.00000984    2.23604092    0.00000000    0.00000008
     9    0.59024449    0.00000001    0.00000000    1.72452198    0.00000110
    10    0.66155616    0.00000000    0.00000008    0.00000110    1.76589948
    11    0.00001446    0.00000000    0.00000000    0.61871160    0.00000348
    12    0.00000321    0.00000043    0.00000000    0.51556192    0.00000000
    13    0.00001298    0.00000000    0.00000044    0.00000000    0.63938982
    14    0.00000611    0.00000000    0.00000000    0.00000002    0.46494178
            11            12            13            14      
     1    0.00000000    0.00000000    0.00000000    0.00000000
     2    0.00000000    0.00036195    0.00000000    0.00000000
     3    0.00000000    0.00000000    0.00000000    0.00000000
     4    0.00000000    0.00000000    0.00007656    0.00000000
     5    0.00000000    0.00000003    0.00000007    0.00000000
     6    0.00001446    0.00000321    0.00001298    0.00000611
     7    0.00000000    0.00000043    0.00000000    0.00000000
     8    0.00000000    0.00000000    0.00000044    0.00000000
     9    0.61871160    0.51556192    0.00000000    0.00000002
    10    0.00000348    0.00000000    0.63938982    0.46494178
    11    0.61874982    0.00001073    0.00000000    0.00000954
    12    0.00001073    0.51593827    0.00000000    0.00000000
    13    0.00000000    0.00000000    0.63948824    0.00000837
    14    0.00000954    0.00000000    0.00000837    0.46496581
