 ************************ Laplacian bond order matrix ************************
             1             2             3             4             5      
     1    0.63799023    0.00000000    0.00000000    0.00000000    0.00002055
     2    0.00000000    0.52612571    0.00000000    0.00000000    0.00000924
     3    0.00000000    0.00000000    0.62293464    0.00000000    0.00001973
     4    0.00000000    0.00000000    0.00000000    0.44216685    0.00000822
     5    0.00002055    0.00000924    0.00001973    0.00000822    3.36452814
     6    0.00000000    0.00000005    0.00000000    0.00000005    1.19399180
     7    0.63796879    0.52559695    0.00000064    0.00000000    1.05941839
     8    0.00000089    0.00000000    0.62291428    0.44090930    1.11105276
     9    0.00000000    0.00000000    0.00000000    0.00000040    0.00000550
    10    0.00000000    0.00000010    0.00000000    0.00000000    0.00000191
    11    0.00000000    0.00051937    0.00000000    0.00000000    0.00000002
    12    0.00000000    0.00000000    0.00000000    0.00124888    0.00000003
    13    0.00000000    0.00000000    0.00000000    0.00000000    0.00000000
    14    0.00000000    0.00000000    0.00000000    0.00000000    0.00000000
             6             7             8             9            10      
     1    0.00000000    0.63796879    0.00000089    0.00000000    0.00000000
     2    0.00000005    0.52559695    0.00000000    0.00000000    0.00000010
     3    0.00000000    0.00000064    0.62291428    0.00000000    0.00000000
     4    0.00000005    0.00000000    0.44090930    0.00000040    0.00000000
     5    1.19399180    1.05941839    1.11105276    0.00000550    0.00000191
     6    2.53545825    0.00000695    0.00000798    0.67349471    0.66792744
     7    0.00000695    2.22300305    0.00001058    0.00000000    0.00000001
     8    0.00000798    0.00001058    2.17489722    0.00000002    0.00000000
     9    0.67349471    0.00000000    0.00000002    1.70788107    0.00000110
    10    0.66792744    0.00000001    0.00000000    0.00000110    1.77953101
    11    0.00000354    0.00000074    0.00000000    0.00000000    0.47141227
    12    0.00000244    0.00000000    0.00000140    0.49283913    0.00000000
    13    0.00001482    0.00000000    0.00000000    0.54154002    0.00000113
    14    0.00000848    0.00000000    0.00000000    0.00000020    0.64018705
            11            12            13            14      
     1    0.00000000    0.00000000    0.00000000    0.00000000
     2    0.00051937    0.00000000    0.00000000    0.00000000
     3    0.00000000    0.00000000    0.00000000    0.00000000
     4    0.00000000    0.00124888    0.00000000    0.00000000
     5    0.00000002    0.00000003    0.00000000    0.00000000
     6    0.00000354    0.00000244    0.00001482    0.00000848
     7    0.00000074    0.00000000    0.00000000    0.00000000
     8    0.00000000    0.00000140    0.00000000    0.00000000
     9    0.00000000    0.49283913    0.54154002    0.00000020
    10    0.47141227    0.00000000    0.00000113    0.64018705
    11    0.47194764    0.00000000    0.00000000    0.00001170
    12    0.00000000    0.49410254    0.00001066    0.00000000
    13    0.00000000    0.00001066    0.54185916    0.00029253
    14    0.00001170    0.00000000    0.00029253    0.64049996
