t [steps];S0;S1;S2;S3;S4;S5;S6;S7;S8;S9;S10;S11;S12;S13;S14;S15;S16;S17;S18;S19;S20;S21;S22;S23;S24;S25;S26;S27;S28;S29;S30;S31;S32;S33;S34;S35;S36;S37;S38;S39;S40;S41;S42;S43;S44;S45;S46;S47;S48;S49;S50;S51;S52;S53;S54;S55
;C#N;C1[N]CN=CN1N=O;C=NCN(N(O)[O])/C=N\N1C=NCN(C1)N([O])[O];C=NCN(N([O])[O])C/N=N/ON([O])[O];C=NCN(N([O])[O])C[N]N([O])[O];C=NCN(N([O])[O])[CH2];C=NCN(N([O])[O])[CH]NN([O])[O];C=NCN(N([O])[O])[CH]NN1C=NCN(C1)N([O])[O];C=NCN=CN=N[O];C=NCNN([O])[O];C=NC[N]N([O])[O];C=NN([O])[O];C=[N];N#N;N=CN(N([O])[O])CN=C;O=NN1C=NCN(C1)N([O])[O];O=NN1CN(CN(C1)N([O])[O])N([O])[O];O=NN1C[N]CN(C1)N([O])[O];O=NN1[CH]N(CN(C1)N([O])[O])N([O])[O];O=NO[C@]1(C=C(C=C([C]1C)N([O])[O])N([O])[O])N([O])[O];ON(N1[CH]N(CN(C1)N([O])[O])N([O])[O])[O];ON=O;[CH2]N=C;[CH2]NN([O])[O];[CH]=NCN(N([O])[O])CNN([O])[O];[H];[OH];[O]N(/N=C\NCN(N([O])[O])[CH2])[O];[O]N(C1=C(C)C(=C[C@]([CH]1)(ON(c1cc(cc(c1C)N([O])[O])N([O])[O])[O])N([O])[O])N([O])[O])[O];[O]N(C1=CC(=C([C@]([CH]1)([O])N([O])[O])C)N([O])[O])[O];[O]N(C1=C[C](C(=C([CH]1)N([O])O)C)N([O])[O])[O];[O]N(C1=C[C](C(=C([CH]1)N([O])[O])C)N([O])[O])[O];[O]N(N/C=N\N([O])[O])[O];[O]N(N1CN(CN(C1)N([O])[O])N([O])[O])ON1CN(CN(C1)N([O])[O])N([O])[O];[O]N(N1CN(CN(C1)N([O])[O])N([O])[O])O[C@]1([CH]C(=CC(=C1C)N([O])[O])N([O])[O])N([O])[O];[O]N(N1CN(CN(C1)N([O])[O])N([O])[O])[O];[O]N(N1CN=CN(C1)N([O])[O])[O];[O]N(N1CNC=NC1)[O];[O]N(N1C[N]C=NC1)[O];[O]N(N1C[N]CN(C1)N([O])[O])[O];[O]N(N1[CH]NCN(C1)N([O])[O])[O];[O]N(OC1=C(C)[C](C=C([CH]1)N([O])[O])N([O])[O])[O];[O]N(ON(N1CN(CN(C1)N([O])[O])N([O])[O])[O])[O];[O]N(ON(N1C[N]CN(C1)N([O])[O])[O])[O];[O]N(ON([C]1C=C([CH]C(=C1C)N([O])[O])N([O])[O])[O])[O];[O]N(O[N]N1C[N]CN(C1)N([O])[O])[O];[O]N([C]1C=C(N([O])[O])[C](C(=C1)N([O])O)C)[O];[O]N([C]1C=C(N([O])[O])[C](C(=C1)N([O])[O])C)[O];[O]N([N]/C=N\CN(N([O])[O])[CH2])[O];[O]N([N]CN(N([O])[O])[CH2])[O];[O]N([O])[O];[O]N(c1cc(N([O])[O])c(c(c1)N(O)[O])C)[O];[O]N(c1cc(N([O])[O])c(c(c1)N([O])[O])C)[O];[O]N1CN(CN(C1)N([O])[O])N([O])[O];[O]N=O;[O]N[O]
40000.0;0;0;0;0;0;0;0;0;0;0;0;0;0;0;0;0;0;0;0;0;0;0;0;0;0;0;0;0;0;0;0;31;0;0;0;192;0;0;0;0;0;0;0;0;0;0;0;28;0;0;0;0;133;0;0;0
87000.0;0;0;0;0;0;0;0;0;0;0;0;0;0;0;0;0;0;0;0;0;0;0;0;0;0;0;0;0;0;0;0;31;0;0;0;190;0;0;0;2;0;0;0;0;0;0;0;28;0;0;0;0;133;0;2;0
92000.0;0;0;0;0;0;0;0;0;0;0;0;0;0;0;0;0;0;0;0;0;1;0;0;0;0;0;0;0;0;0;0;31;0;0;0;187;0;0;0;4;0;0;0;0;0;0;0;28;0;0;0;0;133;0;4;0
93000.0;0;0;0;0;0;0;0;0;0;0;0;0;0;0;0;0;0;0;0;0;0;1;0;0;0;0;0;0;0;0;0;31;0;0;0;187;0;0;1;4;0;0;0;0;0;0;0;28;0;0;0;0;133;0;5;0
94000.0;0;0;0;0;0;0;0;0;0;0;0;0;0;0;0;0;0;0;0;0;0;1;0;0;0;0;0;0;0;0;0;31;0;0;0;185;1;0;0;6;0;0;0;0;0;0;0;28;0;0;0;0;133;0;6;0
97000.0;0;0;0;0;1;0;0;0;0;0;0;0;0;0;0;0;0;0;0;0;0;1;0;0;0;0;0;0;0;0;0;31;0;0;0;184;1;0;0;6;0;0;0;0;0;0;0;28;0;0;0;0;133;0;7;0
100000.0;0;0;0;0;1;0;0;0;0;0;0;0;0;0;0;0;0;0;0;0;0;1;0;0;0;0;0;0;0;0;0;31;0;0;0;183;1;0;0;7;0;0;0;0;0;0;0;28;0;0;0;0;133;0;8;0
103000.0;0;0;0;0;1;0;0;0;0;0;0;0;0;0;0;0;0;0;0;0;0;1;0;0;0;0;0;0;0;0;0;31;0;0;0;182;1;0;0;8;0;0;0;0;0;0;0;28;0;0;0;0;133;0;9;0
104000.0;0;0;0;0;1;0;0;0;0;0;0;0;0;0;0;0;0;0;0;0;0;1;0;0;0;0;0;0;0;0;0;31;0;0;0;181;1;0;0;9;0;0;0;0;0;0;0;28;0;0;0;0;133;0;10;0
106000.0;0;0;0;0;1;0;0;0;0;0;0;0;0;0;0;0;0;0;0;0;0;1;0;0;0;0;0;0;0;0;0;31;0;0;0;181;1;0;0;9;0;0;0;0;0;0;0;28;0;0;0;0;133;0;10;0
113000.0;0;0;0;0;1;0;0;0;0;0;0;0;0;0;0;0;0;0;0;0;0;1;0;0;0;0;0;0;0;0;0;31;0;0;0;180;1;0;0;10;0;0;0;0;0;0;0;28;0;0;0;0;133;0;11;0
115000.0;0;0;0;0;1;0;0;0;0;0;0;0;0;0;0;0;0;0;0;0;0;1;0;0;0;0;0;0;0;0;0;31;0;0;0;179;1;0;0;11;0;0;0;0;0;0;0;28;0;0;0;0;133;0;12;0
116000.0;0;0;0;0;1;0;0;0;0;0;0;0;0;0;0;0;0;0;0;0;0;1;0;0;0;0;0;0;0;0;0;31;0;0;0;178;1;0;0;12;0;0;0;0;0;0;0;28;0;0;0;0;133;0;13;0
119000.0;0;0;0;0;1;0;0;0;0;0;0;0;0;0;0;0;0;0;0;0;0;1;0;0;0;0;0;0;0;0;0;31;0;0;0;177;1;0;0;13;0;0;0;0;0;0;0;28;0;0;0;0;133;0;14;0
121000.0;0;0;0;0;1;0;0;0;0;0;0;0;0;0;0;0;0;0;0;0;0;1;0;0;0;0;0;0;0;0;0;31;0;0;0;177;1;0;0;12;1;0;0;0;0;0;0;28;0;0;0;0;133;0;14;0
122000.0;0;0;0;0;1;0;0;0;0;0;0;0;0;0;0;0;0;0;0;0;0;1;0;0;0;0;0;0;0;0;0;31;0;0;0;177;1;1;0;12;0;0;0;0;0;0;0;28;0;0;0;0;133;0;15;0
138000.0;0;0;0;0;1;0;0;0;0;0;0;0;0;0;0;0;0;0;0;0;0;1;0;0;0;0;0;0;0;0;0;31;0;0;0;175;1;1;0;14;0;0;0;0;0;0;0;28;0;0;0;0;133;0;17;0
139000.0;0;0;0;0;2;0;0;0;0;0;0;0;0;0;0;0;0;0;0;0;0;1;0;0;0;0;0;0;0;0;0;31;0;0;0;175;1;1;0;13;0;0;0;0;0;0;0;28;0;0;0;0;133;0;17;0
146000.0;0;0;0;0;3;0;0;0;0;0;0;0;0;0;0;0;0;0;0;0;0;1;0;0;0;0;0;0;0;0;0;31;0;0;0;175;1;1;0;12;0;0;0;0;0;0;0;28;0;0;0;0;133;0;17;0
147000.0;0;0;0;0;3;0;0;0;0;0;0;0;0;0;0;0;0;0;0;0;0;1;0;0;0;0;0;0;0;0;0;31;0;0;0;174;1;1;0;13;0;0;0;0;0;0;0;28;0;0;0;0;133;0;18;0
149000.0;0;0;0;0;3;0;0;0;0;0;0;0;0;0;0;0;0;0;0;0;0;1;0;0;0;0;0;0;0;0;0;31;0;0;0;173;1;1;0;14;0;0;0;0;0;0;0;28;0;0;0;0;133;0;19;0
153000.0;0;0;0;0;3;0;0;0;0;0;0;0;0;0;0;0;0;0;0;0;0;1;0;0;0;0;0;0;0;0;0;31;0;0;0;172;1;1;0;15;0;0;0;0;0;0;0;28;0;0;0;0;133;0;20;0
156000.0;0;0;0;0;3;0;0;0;0;0;0;0;0;0;0;0;0;0;0;0;0;1;0;0;0;0;0;0;0;0;0;31;0;0;0;171;1;1;0;16;0;0;0;0;0;0;0;28;0;0;0;0;133;0;21;0
169000.0;0;0;0;0;3;0;0;0;0;0;0;0;0;0;0;0;0;0;0;0;0;1;0;0;0;0;0;0;0;0;0;31;0;0;0;171;1;1;0;15;1;0;0;0;0;0;0;28;0;0;0;0;133;0;21;0
171000.0;0;0;0;0;3;0;0;0;0;0;0;0;0;0;0;0;0;0;0;0;0;1;0;0;0;0;0;0;0;0;0;31;0;0;0;170;1;1;0;16;1;0;0;0;0;0;0;28;0;0;0;0;133;0;22;0
173000.0;0;0;0;0;3;0;0;0;0;0;0;0;0;0;0;0;0;0;0;0;0;1;0;0;0;0;0;0;0;0;0;31;0;0;0;170;1;2;0;16;0;0;0;0;0;0;0;28;0;0;0;0;133;0;23;0
177000.0;0;0;0;0;3;0;0;0;0;0;0;0;0;0;0;0;0;0;0;0;0;1;0;0;0;0;0;0;0;0;0;31;0;0;0;169;1;2;0;17;0;0;0;0;0;0;0;28;0;0;0;0;133;0;24;0
179000.0;0;0;0;0;3;0;0;0;0;0;0;0;0;0;0;0;0;0;0;0;0;1;0;0;0;0;0;0;0;0;0;31;0;0;0;168;1;2;0;18;0;0;0;0;0;0;0;28;0;0;0;0;133;0;25;0
185000.0;0;0;0;0;3;0;0;0;0;0;0;0;0;0;0;0;0;0;0;0;0;1;0;0;0;0;0;0;0;0;0;31;0;0;0;167;1;2;0;18;1;0;0;0;0;0;0;28;0;0;0;0;133;0;26;0
188000.0;0;0;0;0;3;0;0;0;0;0;0;0;0;0;0;0;0;0;0;0;0;1;0;0;0;0;0;0;0;0;0;31;0;0;0;167;1;3;0;18;0;0;0;0;0;0;0;28;0;0;0;0;133;0;27;0
191000.0;0;0;0;0;3;0;0;0;0;0;0;0;0;0;0;0;0;0;0;0;0;1;0;0;0;0;0;0;0;0;0;31;0;0;0;166;1;3;0;19;0;0;0;0;0;0;0;28;0;0;0;0;133;0;28;0
195000.0;0;0;0;0;2;0;0;0;0;0;0;2;1;0;0;0;0;0;0;0;0;1;0;0;0;0;0;0;0;0;0;31;0;0;0;166;1;3;0;19;0;0;0;0;0;0;0;28;0;0;0;0;133;0;28;0
198000.0;0;0;0;0;2;0;0;0;0;0;0;2;1;0;0;0;0;0;0;0;0;1;0;0;0;0;0;0;0;0;0;31;0;0;0;165;1;3;0;20;0;0;0;0;0;0;0;28;0;0;0;0;133;0;29;0
206000.0;0;0;0;0;2;0;0;0;0;0;1;1;0;0;0;0;0;0;0;0;0;1;0;0;0;0;0;0;0;0;0;31;0;0;0;165;1;3;0;20;0;0;0;0;0;0;0;28;0;0;0;0;133;0;29;0
207000.0;0;0;0;0;2;0;0;0;0;0;1;1;0;0;0;0;0;0;0;0;0;1;0;0;0;0;0;0;0;0;0;31;0;0;0;165;1;3;0;19;1;0;0;0;0;0;0;28;0;0;0;0;133;0;29;0
216000.0;0;0;0;0;2;0;0;0;0;0;1;1;0;0;0;0;0;0;0;0;0;1;0;0;0;0;0;0;0;0;0;31;0;0;0;165;1;4;0;19;0;0;0;0;0;0;0;28;0;0;0;0;133;0;30;0
218000.0;0;0;0;0;3;0;0;0;0;0;1;1;0;0;0;0;0;0;0;0;0;1;0;0;0;0;0;0;0;0;0;31;0;0;0;165;1;4;0;18;0;0;0;0;0;0;0;28;0;0;0;0;133;0;30;0
221000.0;0;0;0;0;3;0;0;0;0;0;1;1;0;0;0;0;0;0;0;0;0;1;0;0;0;0;0;0;0;0;0;31;0;0;0;164;1;4;0;18;0;0;1;0;0;0;0;28;0;0;0;0;133;0;29;0
222000.0;0;0;0;0;3;0;0;0;0;0;0;2;1;0;0;0;1;0;0;0;0;1;0;0;0;0;0;0;0;0;0;31;0;0;0;164;1;4;0;18;0;0;0;0;0;0;0;28;0;0;1;0;133;0;29;0
223000.0;0;0;0;0;3;0;0;0;0;0;0;2;1;0;0;0;0;1;0;0;0;1;0;0;0;0;0;0;0;0;0;31;0;0;0;164;0;4;1;18;0;0;0;0;0;0;0;28;0;0;1;0;133;0;31;0
231000.0;0;0;0;0;3;0;0;0;0;0;0;2;1;0;0;0;0;1;0;0;0;1;0;0;0;0;0;0;0;0;0;31;0;0;0;163;0;4;1;19;0;0;0;0;0;0;0;28;0;0;1;0;133;0;32;0
240000.0;0;0;0;0;3;0;0;0;0;0;0;2;1;0;0;0;0;1;0;0;0;1;0;0;0;0;0;0;0;0;0;31;0;0;0;163;0;4;1;18;1;0;0;0;0;0;0;28;0;0;1;0;133;0;32;0
246000.0;0;0;0;0;4;0;0;0;0;0;0;2;1;0;0;0;0;1;0;0;0;1;0;0;0;0;0;0;0;0;0;31;0;0;0;163;0;4;1;17;1;0;0;0;0;0;0;28;0;0;1;0;133;0;32;0
247000.0;0;0;0;0;4;0;0;0;0;0;0;2;1;0;0;0;0;1;0;0;0;1;0;0;0;0;0;0;0;0;0;31;0;0;0;160;0;4;1;20;1;0;0;0;0;0;0;28;0;0;1;0;133;0;35;0
249000.0;0;0;0;0;5;0;0;0;0;0;0;2;1;0;0;0;0;1;0;0;0;1;0;0;0;0;0;0;0;0;0;31;0;0;0;160;0;4;1;18;2;0;0;0;0;0;0;28;0;0;1;0;133;0;35;0
250000.0;0;0;0;0;5;0;0;0;0;0;0;2;1;0;0;0;0;1;0;0;0;1;0;0;0;0;0;0;0;0;0;31;0;0;0;160;0;5;1;18;1;0;0;0;0;0;0;28;0;0;1;0;133;0;36;0
251000.0;0;0;0;0;4;0;0;0;0;0;0;2;1;0;0;0;0;1;0;0;0;1;0;0;0;0;0;0;0;0;0;31;0;0;0;160;0;7;1;18;0;0;0;0;0;0;0;28;0;0;1;0;133;0;38;0
252000.0;0;0;0;0;4;0;0;0;0;0;0;2;1;0;0;0;0;1;0;0;0;1;0;0;0;0;0;0;0;0;0;31;0;0;0;158;0;7;1;20;0;0;0;0;0;0;0;28;0;0;1;0;133;0;40;0
259000.0;0;0;0;0;5;0;0;0;0;0;0;2;1;0;0;0;0;1;0;0;0;1;0;0;0;0;0;0;0;0;0;31;0;0;0;158;0;7;1;19;0;0;0;0;0;0;0;28;0;0;1;0;133;0;40;0
262000.0;0;0;0;0;4;0;0;0;0;0;1;3;1;0;0;0;0;1;0;0;0;1;0;0;0;0;0;0;0;0;0;31;0;0;0;158;0;7;1;19;0;0;0;0;0;0;0;28;0;0;1;0;133;0;40;0
263000.0;0;0;0;0;4;0;0;0;0;0;1;3;1;0;0;0;0;0;0;0;0;1;0;0;0;0;0;0;0;0;0;31;0;0;0;158;0;7;1;19;0;0;0;0;0;1;0;28;0;0;1;0;133;0;39;0
264000.0;0;0;0;1;4;0;0;0;0;0;1;3;1;0;0;0;0;0;0;0;0;1;0;0;0;0;0;0;0;0;0;31;0;0;0;158;0;7;1;19;0;0;0;0;0;0;0;28;0;0;1;0;133;0;39;0
269000.0;0;0;0;0;4;1;0;0;0;0;1;3;1;1;0;0;0;0;0;0;0;1;0;0;0;0;0;0;0;0;0;31;0;0;0;158;0;7;1;19;0;0;0;0;0;0;0;28;0;0;2;0;133;0;39;0
275000.0;0;0;0;0;4;1;0;0;0;0;1;3;1;1;0;0;0;0;0;0;0;1;0;0;0;0;0;0;0;0;0;31;0;0;0;157;0;7;1;20;0;0;0;0;0;0;0;28;0;0;2;0;133;0;40;0
282000.0;0;0;0;0;4;1;0;0;0;0;1;3;1;1;0;0;0;0;0;0;0;1;0;0;0;0;0;0;0;0;0;31;0;0;0;156;0;7;1;21;0;0;0;0;0;0;0;28;0;0;2;0;133;0;41;0
286000.0;0;0;0;0;4;0;0;0;0;0;1;4;1;1;0;0;0;0;0;0;0;1;1;0;0;0;0;0;0;0;0;31;0;0;0;156;0;7;1;21;0;0;0;0;0;0;0;28;0;0;2;0;133;0;41;0
288000.0;0;0;0;0;4;0;0;0;0;0;1;4;1;1;0;0;0;0;0;0;0;1;1;0;0;0;0;0;0;0;0;31;0;0;0;155;0;7;1;22;0;0;0;0;0;0;0;28;0;0;2;0;133;0;42;0
290000.0;0;0;0;0;5;0;0;0;0;0;1;4;1;1;0;0;0;0;0;0;0;1;1;0;0;0;0;0;0;0;0;31;0;0;0;155;0;7;1;21;0;0;0;0;0;0;0;28;0;0;2;0;133;0;42;0
295000.0;0;0;0;0;5;0;0;0;0;0;1;4;1;1;0;0;0;0;0;0;0;1;1;0;0;0;0;0;0;0;0;31;0;0;0;154;0;7;1;22;0;0;0;0;0;0;0;28;0;0;2;0;133;0;43;0
299000.0;0;0;0;0;6;0;0;0;0;0;1;4;1;1;0;0;0;0;1;0;0;1;1;0;0;0;1;0;0;0;0;31;0;0;0;151;0;7;1;23;0;0;0;0;0;0;0;28;0;0;2;0;133;0;45;0
300000.0;0;0;0;0;5;0;0;0;0;0;1;4;1;1;0;0;0;0;1;0;0;1;1;0;0;0;1;0;0;0;0;31;0;0;0;151;0;7;1;24;0;0;0;0;0;0;0;28;0;0;2;0;133;0;45;0
302000.0;0;0;0;0;5;0;0;0;0;0;1;4;1;1;0;0;0;0;1;0;0;1;1;0;0;0;1;0;0;0;0;31;0;0;0;149;0;7;1;24;1;0;0;0;0;0;0;28;1;0;2;0;133;0;46;1
303000.0;0;0;0;0;5;0;0;0;0;0;1;4;1;1;0;0;0;0;1;0;0;1;1;0;0;0;1;0;0;0;0;31;0;0;0;149;1;7;1;24;1;0;0;0;0;0;0;28;0;0;2;0;133;0;46;1
306000.0;0;0;0;0;5;0;0;0;0;0;1;4;1;1;0;0;0;0;1;0;0;1;1;0;0;0;1;0;0;0;0;31;0;0;0;149;1;8;1;24;0;0;0;0;0;0;0;28;0;0;2;0;133;0;47;1
313000.0;0;0;0;0;4;0;0;0;0;0;1;6;2;1;0;0;0;0;1;0;0;1;1;0;0;0;1;0;0;0;0;31;0;0;0;149;1;8;1;24;0;0;0;0;0;0;0;28;0;0;2;0;133;0;47;1
316000.0;0;0;0;0;4;0;0;0;0;0;2;5;1;1;0;0;0;0;1;0;0;1;1;0;0;0;1;0;0;0;0;31;0;0;0;149;1;8;1;24;0;0;0;0;0;0;0;28;0;0;2;0;133;0;47;1
321000.0;0;0;0;0;5;0;0;0;0;0;2;5;1;1;0;0;0;0;1;0;0;1;1;0;0;0;1;0;0;0;0;31;0;0;0;149;1;8;1;23;0;0;0;0;0;0;0;28;0;0;2;0;133;0;47;1
322000.0;0;0;0;0;4;0;0;0;0;0;2;5;1;1;0;0;0;0;1;0;0;1;1;0;1;0;1;0;0;0;0;31;0;0;0;149;1;8;1;23;0;0;0;0;0;0;0;28;0;0;2;0;133;0;47;1
326000.0;1;0;0;0;4;0;0;0;0;0;2;6;1;1;0;1;0;0;0;0;0;1;1;1;0;0;1;0;0;0;0;31;0;0;0;149;1;8;1;23;0;0;0;0;0;0;0;28;0;0;2;0;133;0;48;1
327000.0;1;0;0;0;4;0;0;0;0;1;1;6;2;1;0;1;0;0;0;0;0;1;1;0;0;0;1;0;0;0;0;31;0;0;0;149;1;8;1;23;0;0;0;0;0;0;0;28;0;0;2;0;133;0;49;1
331000.0;1;0;0;0;4;0;0;0;0;1;1;6;2;1;0;1;0;0;0;0;0;1;1;0;0;0;1;0;0;0;0;31;0;0;0;148;1;8;1;24;0;0;0;0;0;0;0;28;0;0;2;0;133;0;50;1
334000.0;1;0;0;0;4;0;0;0;0;1;0;7;3;1;0;1;0;0;0;0;0;1;1;0;0;0;1;0;0;0;0;31;0;0;0;148;1;8;1;24;0;0;0;0;0;0;0;28;0;0;2;0;133;0;50;1
336000.0;1;0;0;0;4;0;0;0;0;1;0;7;3;1;0;1;0;0;0;0;0;1;1;0;0;0;1;0;0;0;0;31;0;0;0;147;1;8;1;25;0;0;0;0;0;0;0;28;0;0;2;0;133;0;51;1
339000.0;1;0;0;0;5;0;0;0;0;1;0;7;3;1;0;1;0;0;0;0;0;1;1;0;0;0;1;0;0;0;0;31;0;0;0;146;1;8;1;25;0;0;0;0;0;0;0;28;0;0;2;0;133;0;52;1
341000.0;1;0;0;0;4;0;0;0;0;1;1;8;3;1;0;1;0;0;0;0;0;1;1;0;0;0;1;0;0;0;0;31;0;0;0;146;1;8;1;25;0;0;0;0;0;0;0;28;0;0;2;0;133;0;52;1
344000.0;1;0;0;0;4;0;0;0;0;1;1;8;3;1;0;1;0;0;0;0;0;1;1;0;0;0;1;0;0;0;0;31;0;0;0;145;1;8;1;26;0;0;0;0;0;0;0;28;0;0;2;0;133;0;53;1
350000.0;1;0;0;0;4;0;0;0;0;1;1;8;3;1;0;1;0;0;0;0;0;1;1;0;0;0;1;0;0;0;0;31;0;0;0;144;1;8;1;27;0;0;0;0;0;0;0;28;0;0;2;0;133;0;54;1
352000.0;1;0;0;0;4;0;0;0;0;1;1;8;3;1;0;1;0;0;0;0;0;2;1;0;0;0;1;0;0;0;0;31;0;0;0;144;1;7;2;27;0;0;0;0;0;0;0;28;0;0;2;0;133;0;53;1
357000.0;1;0;0;0;4;0;0;0;0;1;1;8;3;1;0;1;0;0;0;0;0;2;1;0;0;0;1;0;0;0;0;31;0;0;0;143;1;7;2;28;0;0;0;0;0;0;0;28;0;0;2;0;133;0;54;1
361000.0;1;0;0;0;4;0;0;0;0;1;1;8;3;1;0;1;0;0;0;0;0;2;1;0;0;0;1;0;0;0;0;31;0;0;0;142;1;7;2;29;0;0;0;0;0;0;0;28;0;0;2;0;133;0;55;1
365000.0;1;0;0;0;4;0;0;0;0;1;1;8;3;1;0;1;0;0;0;0;0;2;1;0;0;0;1;0;0;0;0;31;0;1;0;141;1;7;2;28;0;0;0;0;0;0;0;28;0;0;2;0;133;0;55;1
366000.0;1;0;0;0;4;0;0;0;0;1;1;8;3;1;0;1;1;0;0;0;0;2;1;0;0;0;1;0;0;0;0;31;0;0;0;141;1;7;2;28;0;0;0;0;0;0;0;28;0;0;2;0;133;1;55;1
367000.0;1;0;0;0;4;0;0;0;0;1;0;9;4;1;0;1;1;0;0;0;0;2;1;0;0;0;1;0;0;0;0;31;0;0;0;141;1;7;2;28;0;0;0;0;0;0;0;28;0;0;2;0;133;1;55;1
368000.0;1;0;0;0;4;0;0;0;0;1;1;10;4;1;0;1;1;0;0;0;0;2;1;0;0;0;1;0;0;0;0;31;0;0;0;141;1;7;2;27;0;0;0;0;0;0;0;28;0;0;2;0;133;1;55;1
371000.0;1;0;0;0;4;0;0;0;0;1;2;11;4;1;0;1;1;0;0;0;0;2;1;0;0;0;1;0;0;0;0;31;0;0;0;141;1;8;2;25;0;0;0;0;0;0;0;28;0;0;2;0;133;1;56;1
372000.0;1;0;0;0;4;0;0;0;0;1;2;11;4;1;0;1;1;0;0;0;0;2;1;0;0;0;1;0;0;0;0;31;0;0;0;141;1;8;2;24;1;0;0;0;0;0;0;28;0;0;2;0;133;1;56;1
373000.0;1;0;0;0;4;0;0;0;0;1;2;11;4;1;0;1;1;0;0;0;0;2;1;0;0;0;1;0;0;0;0;31;0;0;0;141;1;9;2;24;0;0;0;0;0;0;0;28;0;0;2;0;133;1;57;1
380000.0;1;0;0;0;5;0;0;0;0;1;1;10;4;1;0;1;1;0;0;0;0;2;1;0;0;0;1;0;0;0;0;31;0;0;0;141;1;9;2;24;0;0;0;0;0;0;0;28;0;0;2;0;133;1;57;1
384000.0;1;0;0;0;6;0;0;0;0;1;0;11;5;1;0;1;1;0;0;0;0;2;1;0;0;0;1;0;0;0;0;31;0;0;0;141;1;9;2;23;0;0;0;0;0;0;0;28;0;0;2;0;133;1;57;1
385000.0;1;0;0;0;5;0;0;0;0;1;0;11;5;1;0;1;1;0;0;0;0;2;1;0;0;1;1;0;0;0;0;31;0;0;0;140;1;9;3;24;0;0;0;0;0;0;0;28;0;0;2;0;133;1;59;1
386000.0;1;0;0;0;5;0;0;0;0;1;0;11;5;1;0;1;1;0;0;0;0;2;1;0;0;0;1;0;0;0;0;31;0;0;0;139;0;10;3;25;0;0;0;0;0;0;0;28;0;0;2;0;133;1;61;1
392000.0;1;0;0;0;4;0;0;0;0;1;1;12;5;1;0;1;1;0;0;0;0;2;1;0;0;0;1;0;0;0;0;31;0;0;0;139;0;10;3;25;0;0;0;0;0;0;0;28;0;0;2;0;133;1;61;1
398000.0;1;0;0;0;3;0;0;0;0;1;2;13;5;1;0;1;1;0;0;0;0;2;1;0;0;0;1;0;0;0;0;31;0;0;0;139;0;10;3;25;0;0;0;0;0;0;0;28;0;0;2;0;133;1;61;1
403000.0;1;0;0;0;2;0;0;0;0;1;2;13;5;1;1;1;1;0;0;0;0;2;1;0;0;0;1;0;0;0;0;31;0;0;0;138;0;10;3;26;0;0;0;0;0;0;0;28;0;0;2;0;133;1;63;1
404000.0;1;0;0;0;2;0;1;0;0;1;2;13;5;1;0;1;1;0;0;0;0;2;1;0;0;0;1;0;0;0;0;31;0;0;0;138;0;10;3;26;0;0;0;0;0;0;0;28;0;0;2;0;133;1;62;1
414000.0;1;0;0;0;2;0;0;0;0;1;2;13;5;1;0;1;1;0;0;0;0;2;2;0;0;0;1;0;0;0;0;31;1;0;0;138;0;10;3;26;0;0;0;0;0;0;0;28;0;0;2;0;133;1;62;1
415000.0;1;0;0;0;2;0;0;0;0;1;2;13;5;1;1;1;1;0;0;0;0;2;1;0;0;0;1;0;0;0;0;31;0;0;0;138;0;10;3;26;0;0;0;0;0;0;0;28;0;0;2;0;133;1;63;1
423000.0;1;0;0;0;2;0;0;0;0;1;2;13;5;1;1;1;1;0;0;0;0;2;1;0;0;0;1;0;0;0;0;31;0;0;0;137;0;10;3;26;1;0;0;0;0;0;0;28;0;0;2;0;133;1;64;1
427000.0;1;0;0;0;2;0;0;0;0;1;1;14;6;1;1;1;1;0;0;0;0;2;1;0;0;0;1;0;0;0;0;31;0;0;0;137;0;11;3;25;1;0;0;0;0;0;0;28;0;0;2;0;133;1;65;1
429000.0;1;0;0;0;1;0;0;0;0;1;2;15;6;1;1;1;1;0;0;0;0;2;1;0;0;0;1;0;0;0;0;31;0;0;0;137;0;10;4;25;1;0;0;0;0;0;0;28;0;0;2;1;132;1;65;1
430000.0;1;0;0;0;1;0;0;0;0;1;2;15;6;1;1;1;1;0;0;0;0;2;1;0;0;0;1;0;0;0;0;31;0;0;0;137;0;11;4;25;0;0;0;0;0;0;0;28;0;0;2;1;132;1;66;1
432000.0;2;0;0;0;1;0;0;0;0;1;1;16;6;1;1;1;1;0;0;0;0;2;1;0;0;0;1;0;0;0;0;31;0;0;0;137;0;12;4;24;0;0;0;0;0;0;1;27;0;0;2;1;132;1;67;1
435000.0;2;1;0;0;1;0;0;0;0;1;1;16;6;1;1;0;1;0;0;0;0;2;1;0;0;0;1;0;0;0;0;31;0;0;0;137;0;12;4;24;0;0;0;0;0;0;1;27;0;0;2;1;132;1;68;1
441000.0;2;1;0;0;2;0;0;0;0;1;1;16;6;1;1;0;1;0;0;0;0;2;1;0;0;0;1;0;0;0;0;31;0;0;0;137;0;12;4;23;0;0;0;0;0;0;1;27;0;0;2;1;132;1;68;1
442000.0;2;1;0;0;2;0;0;0;0;1;1;16;6;1;1;0;1;0;0;0;0;2;1;0;0;0;1;0;0;0;0;30;0;0;0;137;0;12;4;23;0;0;0;0;1;0;1;27;0;0;2;1;132;1;67;1
445000.0;2;1;0;0;1;0;0;0;0;1;2;17;6;1;1;0;1;0;0;0;0;2;1;0;0;0;1;0;0;0;0;30;0;0;0;137;0;12;4;23;0;0;0;0;1;0;1;27;0;0;2;1;132;1;67;1
447000.0;2;1;0;0;1;0;0;0;0;1;2;17;6;1;1;0;1;0;0;0;0;2;1;0;0;0;1;0;0;0;0;31;0;0;0;137;0;12;4;23;0;0;0;0;0;0;1;27;0;0;2;1;132;1;68;1
448000.0;2;1;0;0;1;0;0;0;0;1;2;17;6;1;1;0;1;0;0;0;0;2;1;0;0;0;1;0;0;0;0;31;0;0;0;136;0;12;4;24;0;0;0;0;0;0;1;27;0;0;2;1;132;1;69;1
450000.0;2;1;0;0;2;0;0;0;0;1;2;17;6;1;1;0;1;0;0;0;0;2;1;0;0;0;1;0;0;0;0;31;0;0;0;136;0;12;4;23;0;0;0;0;0;0;1;27;0;0;2;1;132;1;69;1
451000.0;2;1;0;0;1;0;0;0;0;1;3;18;6;1;1;0;1;0;0;0;0;2;1;0;0;0;1;0;0;0;0;31;0;0;0;136;0;12;4;23;0;0;0;0;0;0;1;27;0;0;2;1;132;1;69;1
453000.0;2;1;0;0;1;0;0;0;0;1;3;18;6;1;1;0;1;0;0;0;0;2;1;0;0;0;1;0;0;0;0;31;0;0;0;135;0;12;4;24;0;0;0;0;0;0;1;27;0;0;2;1;132;1;70;1
457000.0;2;1;0;0;2;0;0;0;0;1;3;18;6;1;1;0;1;0;0;0;0;2;1;0;0;0;1;0;0;0;0;31;0;0;0;135;0;12;4;23;0;0;0;0;0;0;1;27;0;0;2;1;132;1;70;1
458000.0;2;1;0;0;2;0;0;0;0;1;3;18;6;1;1;0;1;0;0;0;0;2;1;0;0;0;1;0;0;0;0;31;0;0;0;134;0;12;4;24;0;0;0;0;0;0;1;27;0;0;2;1;132;1;71;1
459000.0;2;1;0;0;2;0;0;0;0;1;3;18;6;1;1;0;1;0;0;0;0;2;1;0;0;0;1;0;0;0;0;31;0;0;0;133;0;12;4;25;0;0;0;0;0;0;1;27;0;0;2;1;132;1;72;1
466000.0;2;1;0;0;2;0;0;0;0;1;2;19;7;1;1;0;1;0;0;0;0;2;1;0;0;0;1;0;0;0;0;31;0;0;0;133;0;12;4;25;0;0;0;0;0;0;1;27;0;0;2;1;132;1;72;1
468000.0;2;1;0;0;1;0;0;0;0;1;3;20;7;1;1;0;1;0;0;0;0;2;1;0;0;0;1;0;0;0;0;31;0;0;0;133;0;12;4;25;0;0;0;0;0;0;1;27;0;0;2;1;132;1;72;1
472000.0;2;1;0;0;1;0;0;0;0;1;3;20;7;1;1;0;1;0;0;0;0;2;1;0;0;0;1;0;0;0;0;31;0;0;0;132;0;12;4;26;0;0;0;0;0;0;1;27;0;0;2;1;132;1;73;1
474000.0;2;1;0;0;2;0;0;0;0;1;3;20;7;1;1;0;1;0;0;0;0;2;1;0;0;0;1;0;0;0;0;31;0;0;0;132;0;12;4;24;1;0;0;0;0;0;1;27;0;0;2;1;132;1;73;1
480000.0;2;0;0;0;2;0;0;0;1;1;3;20;7;1;1;0;1;0;0;0;0;3;1;0;0;0;1;0;0;0;0;31;0;0;0;132;0;11;5;23;2;0;0;0;0;0;1;27;0;0;2;1;132;1;72;1
481000.0;2;0;0;0;2;0;0;0;1;1;3;20;7;1;1;0;1;0;0;0;0;3;1;0;0;0;1;0;0;0;0;31;0;0;0;132;0;10;6;23;2;0;0;0;0;0;1;27;0;0;2;2;131;1;72;1
483000.0;2;0;0;0;2;0;0;0;1;1;3;20;7;1;1;0;1;0;0;0;0;3;1;0;0;0;1;0;0;0;0;31;0;0;0;132;0;11;6;23;1;0;0;0;0;0;1;27;0;0;2;2;131;1;73;1
484000.0;2;0;0;0;2;0;0;0;1;1;3;20;7;1;1;0;1;0;0;0;0;3;1;0;0;0;1;0;0;0;0;31;0;0;0;131;0;11;6;24;1;0;0;0;0;0;1;27;0;0;2;2;131;1;74;1
487000.0;2;0;0;0;2;0;0;0;1;1;4;21;7;1;1;0;1;0;0;0;0;3;1;0;0;0;1;0;0;0;0;31;0;0;0;131;0;11;6;23;1;0;0;0;0;0;1;27;0;0;2;2;131;1;74;1
490000.0;2;0;0;0;2;0;0;0;1;1;4;21;7;1;1;0;1;0;0;0;0;3;1;0;0;0;1;1;0;0;0;31;0;0;0;130;0;11;6;24;0;0;0;0;0;0;1;27;0;0;2;2;131;1;75;1
491000.0;2;0;0;0;2;0;0;0;1;1;4;21;7;1;1;0;1;0;0;0;0;3;1;0;0;0;1;0;0;0;0;31;0;0;0;130;0;13;6;23;0;0;0;0;0;0;1;27;0;0;2;2;131;1;77;1
496000.0;2;0;0;0;3;0;0;0;1;1;4;21;7;1;1;0;1;0;0;0;0;3;1;0;0;0;1;0;0;0;0;31;0;0;0;130;0;13;6;22;0;0;0;0;0;0;1;27;0;0;2;2;131;1;77;1
500000.0;2;0;0;0;2;0;0;0;1;1;5;22;7;1;1;0;1;0;0;0;0;3;1;0;0;0;1;0;0;0;0;31;0;0;0;130;0;13;6;22;0;0;0;0;0;0;1;27;0;0;2;2;131;1;77;1
505000.0;2;0;0;0;3;0;0;0;1;1;5;22;7;1;1;0;1;0;0;0;0;3;1;0;0;0;1;0;0;0;0;31;0;0;0;130;0;13;6;21;0;0;0;0;0;0;1;27;0;0;2;2;131;1;77;1
506000.0;2;0;0;0;3;0;0;0;1;1;5;22;7;1;1;0;1;0;0;0;0;3;1;0;0;0;1;0;0;0;0;31;0;0;0;129;0;13;6;21;0;0;0;1;0;0;1;27;0;0;2;2;131;1;77;1
507000.0;2;0;0;0;4;0;0;0;1;1;5;22;7;1;1;0;1;0;0;0;0;3;1;0;0;0;1;0;0;0;0;31;0;0;0;129;0;13;6;20;0;0;1;0;0;0;1;27;0;0;2;2;131;1;76;1
508000.0;2;0;0;0;5;0;0;0;1;1;5;22;7;1;1;0;2;0;0;0;0;3;1;0;0;0;1;0;0;0;0;31;0;0;0;129;0;13;6;19;0;0;0;0;0;0;1;27;0;0;3;2;131;1;76;1
512000.0;2;0;0;0;5;0;0;0;1;1;5;22;7;1;1;0;2;0;0;0;0;3;1;0;0;0;1;0;0;0;0;30;0;0;1;128;0;13;6;19;0;0;0;0;0;0;1;27;0;0;3;2;131;1;76;1
513000.0;2;0;0;0;5;0;0;0;1;1;5;22;7;1;1;0;3;0;0;0;0;3;1;0;0;0;1;0;0;1;0;30;0;0;0;127;0;13;6;20;0;0;0;0;0;0;1;27;0;0;3;2;131;1;77;1
514000.0;2;0;0;0;5;0;0;0;1;1;5;22;7;1;1;0;3;0;0;0;0;3;1;0;0;0;1;0;1;1;0;30;0;0;0;127;0;13;6;20;0;0;0;0;0;0;1;27;0;0;3;2;129;1;77;1
519000.0;2;0;0;0;5;0;0;0;1;1;4;23;8;1;1;0;3;0;0;0;0;3;1;0;0;0;1;0;1;1;0;30;0;0;0;127;0;13;6;20;0;0;0;0;0;0;1;27;0;0;3;2;129;1;77;1
526000.0;2;0;0;0;4;0;0;0;1;1;5;24;8;1;1;0;3;0;0;0;0;3;1;0;0;0;1;0;1;1;0;30;0;0;0;127;0;13;6;20;0;0;0;0;0;0;1;27;0;0;3;2;129;1;77;1
531000.0;2;0;0;0;4;0;0;0;1;1;5;24;8;1;1;0;3;0;0;0;0;3;1;0;0;0;1;0;1;0;0;30;0;0;0;126;0;13;6;21;0;1;0;0;0;0;1;27;0;0;3;2;129;1;78;1
532000.0;2;0;0;0;4;0;0;0;1;1;5;24;8;1;1;0;3;0;0;0;0;3;1;0;0;0;1;0;1;0;0;30;0;0;0;125;0;13;6;22;0;1;0;0;0;0;1;27;0;0;3;2;129;1;79;1
535000.0;2;0;0;0;5;0;0;0;1;1;5;24;8;1;1;0;3;0;0;0;0;3;1;0;0;0;1;0;1;0;0;30;0;0;0;125;0;13;6;21;0;1;0;0;0;0;1;27;0;0;3;2;129;1;79;1
536000.0;2;0;0;0;5;0;0;0;1;1;4;25;9;1;1;0;3;0;0;0;0;3;1;0;0;0;1;0;1;0;0;30;0;0;0;125;0;13;6;21;0;1;0;0;0;0;1;27;0;0;3;2;129;1;79;1
542000.0;2;0;0;0;4;0;0;0;1;1;4;27;10;1;1;0;3;0;0;0;0;3;1;0;0;0;1;0;1;0;0;30;0;0;0;125;0;13;6;21;0;1;0;0;0;0;1;27;0;0;3;2;129;1;79;1
543000.0;2;0;0;0;4;0;0;0;1;1;5;26;9;1;1;0;3;0;0;0;0;3;1;0;0;0;1;0;1;0;0;30;0;0;0;125;0;13;6;21;0;1;0;0;0;0;1;27;0;0;3;2;129;1;79;1
544000.0;2;0;0;0;3;0;0;0;1;1;5;26;10;1;1;0;3;0;0;0;0;3;1;0;0;0;1;0;1;0;0;30;0;0;0;125;0;13;6;21;0;1;0;0;0;0;1;27;0;1;3;2;129;1;79;1
545000.0;2;0;0;0;3;0;0;0;1;1;6;27;9;1;1;0;3;0;0;0;0;3;1;0;0;0;1;0;1;0;0;30;0;0;0;125;0;13;6;21;0;1;0;0;0;0;1;27;0;0;3;2;129;1;79;1
546000.0;2;0;0;0;3;0;0;0;1;1;6;27;9;1;1;0;3;0;0;0;0;3;1;0;0;0;1;0;1;0;0;30;0;0;0;124;0;13;6;22;0;1;0;0;0;0;1;27;0;0;3;2;129;1;80;1
547000.0;2;0;0;0;3;0;0;0;1;1;5;28;10;1;1;0;3;0;0;0;0;3;1;0;0;0;1;0;1;0;0;30;0;0;0;124;0;13;6;22;0;1;0;0;0;0;1;27;0;0;3;2;129;1;80;1
548000.0;2;0;0;0;3;0;0;0;1;1;5;28;10;1;1;0;3;0;0;0;0;3;1;0;0;0;1;0;1;0;1;29;0;0;0;124;0;12;7;22;0;1;0;0;0;0;1;27;0;0;3;2;129;1;80;1
554000.0;2;0;0;0;3;0;0;1;1;1;5;28;10;1;0;0;3;0;0;0;0;3;1;0;0;0;1;0;1;0;1;29;0;0;0;124;0;12;6;21;1;1;0;0;0;0;1;27;0;0;3;2;129;1;80;1
555000.0;2;0;1;0;2;0;0;0;1;1;6;29;10;1;0;0;3;0;0;0;0;3;1;0;0;0;1;0;1;0;1;29;0;0;0;124;0;12;6;21;1;1;0;0;0;0;1;27;0;0;3;2;129;1;80;1
558000.0;2;0;1;0;2;0;0;0;1;1;6;29;10;1;0;0;3;0;0;0;0;3;1;0;0;0;1;0;1;0;1;29;0;0;0;124;0;13;6;21;0;1;0;0;0;0;1;27;0;0;3;2;129;1;81;1
564000.0;2;0;1;0;2;0;0;0;1;1;6;29;10;1;0;0;3;0;0;0;0;3;1;0;0;0;1;0;1;0;1;29;0;0;0;123;0;13;6;22;0;1;0;0;0;0;1;27;0;0;3;2;129;1;82;1
568000.0;2;0;1;0;2;0;0;0;1;1;6;29;10;1;0;0;3;0;0;1;0;3;1;0;0;0;1;0;1;0;1;29;0;0;0;123;0;13;6;22;0;1;0;0;0;0;1;27;0;0;3;2;128;1;81;1
569000.0;2;0;1;0;2;0;0;0;1;1;7;30;10;1;0;0;3;0;0;1;0;3;1;0;0;0;1;0;1;0;1;29;0;0;0;123;0;13;6;21;0;1;0;0;0;0;1;27;0;0;3;2;128;1;81;1
570000.0;2;0;1;0;3;0;0;0;1;1;6;29;10;1;0;0;3;0;0;1;0;3;1;0;0;0;1;0;1;0;1;29;0;0;0;123;0;13;6;21;0;1;0;0;0;0;1;27;0;0;3;2;128;1;81;1
571000.0;2;0;1;0;3;0;0;0;1;1;6;29;10;1;0;0;3;0;0;1;0;3;1;0;0;0;1;0;1;0;1;29;0;0;0;122;0;13;6;22;0;1;0;0;0;0;1;27;0;0;3;2;128;1;82;1
573000.0;2;0;1;0;3;0;0;0;1;1;6;29;10;1;0;0;3;0;0;1;0;3;1;0;0;0;1;0;1;0;1;29;0;0;0;121;0;13;6;22;1;1;0;0;0;0;1;27;0;0;3;2;128;1;83;1
574000.0;2;0;1;0;3;0;0;0;1;1;5;30;11;1;0;0;3;0;0;1;0;3;1;0;0;0;1;0;1;0;1;29;0;0;0;121;0;13;6;22;1;1;0;0;0;0;1;27;0;0;3;2;128;1;83;1
577000.0;2;0;1;0;3;0;0;0;1;1;5;30;11;1;0;0;3;0;0;1;0;3;1;0;0;0;1;0;1;0;1;29;0;0;0;121;0;14;6;22;0;1;0;0;0;0;1;27;0;0;3;2;128;1;84;1
578000.0;2;0;1;0;3;0;0;0;1;1;5;30;11;1;0;0;3;0;0;1;0;3;1;0;0;0;1;0;1;0;1;29;0;0;0;121;0;14;6;21;1;1;0;0;0;0;1;27;0;0;3;2;128;1;84;1
579000.0;2;0;1;0;3;0;0;0;1;1;5;30;11;1;0;0;3;0;0;1;0;3;1;0;0;0;1;0;1;0;1;29;0;0;0;121;0;15;6;21;0;1;0;0;0;0;1;27;0;0;3;2;128;1;85;1
580000.0;2;0;1;0;3;0;0;0;1;1;5;30;11;1;0;0;3;0;0;1;0;3;1;0;0;0;1;0;0;0;1;29;0;0;0;121;0;15;6;21;0;1;0;0;0;0;1;27;0;0;3;2;130;1;85;1
580000.0;2;0;1;0;3;0;0;0;1;1;5;30;11;1;0;0;3;0;0;1;0;3;1;0;0;0;1;0;0;0;1;29;0;0;0;121;0;15;6;21;0;1;0;0;0;0;1;27;0;0;3;2;130;1;85;1
