 ************************ Laplacian bond order matrix ************************
             1             2             3             4             5      
     1    0.70581573    0.00000000    0.00000000    0.00000000    0.00000000
     2    0.00000000    0.53462618    0.00000000    0.00000000    0.00000000
     3    0.00000000    0.00000000    0.49925763    0.00000000    0.00000002
     4    0.00000000    0.00000000    0.00000000    0.50413119    0.00000002
     5    0.00000000    0.00000000    0.00000002    0.00000002    2.58763277
     6    0.00005011    0.00000504    0.00000663    0.00000349    1.45397229
     7    0.00000000    0.00000000    0.00000000    0.00000002    0.61909766
     8    0.00000000    0.00000000    0.00000001    0.00000000    0.51452133
     9    0.00000108    0.53462007    0.49833572    0.00000000    0.00000457
    10    0.70576453    0.00000107    0.00000000    0.50378304    0.00000633
    11    0.00000000    0.00000000    0.00000000    0.00034461    0.00000574
    12    0.00000000    0.00000000    0.00091526    0.00000000    0.00000906
    13    0.00000000    0.00000000    0.00000000    0.00000000    0.00001030
    14    0.00000000    0.00000000    0.00000000    0.00000000    0.00000545
             6             7             8             9            10      
     1    0.00005011    0.00000000    0.00000000    0.00000108    0.70576453
     2    0.00000504    0.00000000    0.00000000    0.53462007    0.00000107
     3    0.00000663    0.00000000    0.00000001    0.49833572    0.00000000
     4    0.00000349    0.00000002    0.00000000    0.00000000    0.50378304
     5    1.45397229    0.61909766    0.51452133    0.00000457    0.00000633
     6    3.30046642    0.00000300    0.00000311    0.96996779    0.87645444
     7    0.00000300    1.83318965    0.00000100    0.00000000    0.00000001
     8    0.00000311    0.00000100    1.67959520    0.00000001    0.00000000
     9    0.96996779    0.00000000    0.00000001    2.00297032    0.00001773
    10    0.87645444    0.00000001    0.00000000    0.00001773    2.08602948
    11    0.00000005    0.57749937    0.00000000    0.00000000    0.00000233
    12    0.00000046    0.00000000    0.51301944    0.00002336    0.00000000
    13    0.00000000    0.00000046    0.65205008    0.00000000    0.00000000
    14    0.00000000    0.63658813    0.00000023    0.00000000    0.00000000
            11            12            13            14      
     1    0.00000000    0.00000000    0.00000000    0.00000000
     2    0.00000000    0.00000000    0.00000000    0.00000000
     3    0.00000000    0.00091526    0.00000000    0.00000000
     4    0.00034461    0.00000000    0.00000000    0.00000000
     5    0.00000574    0.00000906    0.00001030    0.00000545
     6    0.00000005    0.00000046    0.00000000    0.00000000
     7    0.57749937    0.00000000    0.00000046    0.63658813
     8    0.00000000    0.51301944    0.65205008    0.00000023
     9    0.00000000    0.00002336    0.00000000    0.00000000
    10    0.00000233    0.00000000    0.00000000    0.00000000
    11    0.57786684    0.00000000    0.00000000    0.00001474
    12    0.00000000    0.51397231    0.00000473    0.00000000
    13    0.00000000    0.00000473    0.65207611    0.00001054
    14    0.00001474    0.00000000    0.00001054    0.63661909
