 ************************ Laplacian bond order matrix ************************
             1             2             3             4             5      
     1    0.56387931    0.00000000    0.00000000    0.00000000    0.00001968
     2    0.00000000    0.51083475    0.00000000    0.00000000    0.00000709
     3    0.00000000    0.00000000    0.64075314    0.00000000    0.00007399
     4    0.00000000    0.00000000    0.00000000    0.57151094    0.00002699
     5    0.00001968    0.00000709    0.00007399    0.00002699    3.17227247
     6    0.00000000    0.00000001    0.00000000    0.00000098    1.39218751
     7    0.56385913    0.51001104    0.00000056    0.00000000    0.89586749
     8    0.00000000    0.00000002    0.00000000    0.00000000    0.00000732
     9    0.00000050    0.00000000    0.64067858    0.57093744    0.88408095
    10    0.00000000    0.00000000    0.00000000    0.00000071    0.00000123
    11    0.00000000    0.00081659    0.00000000    0.00000000    0.00000021
    12    0.00000000    0.00000000    0.00000000    0.00000000    0.00000000
    13    0.00000000    0.00000000    0.00000000    0.00000000    0.00000000
    14    0.00000000    0.00000000    0.00000000    0.00054481    0.00000000
             6             7             8             9            10      
     1    0.00000000    0.56385913    0.00000000    0.00000050    0.00000000
     2    0.00000001    0.51001104    0.00000002    0.00000000    0.00000000
     3    0.00000000    0.00000056    0.00000000    0.64067858    0.00000000
     4    0.00000098    0.00000000    0.00000000    0.57093744    0.00000071
     5    1.39218751    0.89586749    0.00000732    0.88408095    0.00000123
     6    2.58462656    0.00000383    0.69244923    0.00001699    0.49993676
     7    0.00000383    1.96975046    0.00000000    0.00000558    0.00000000
     8    0.69244923    0.00000000    1.78546392    0.00000000    0.00000132
     9    0.00001699    0.00000558    0.00000000    2.09572045    0.00000002
    10    0.49993676    0.00000000    0.00000132    0.00000002    1.77569138
    11    0.00000645    0.00000284    0.51919001    0.00000000    0.00000000
    12    0.00000803    0.00000000    0.57381579    0.00000000    0.00000158
    13    0.00001336    0.00000000    0.00000022    0.00000000    0.65974926
    14    0.00000340    0.00000000    0.00000000    0.00000038    0.61600050
            11            12            13            14      
     1    0.00000000    0.00000000    0.00000000    0.00000000
     2    0.00081659    0.00000000    0.00000000    0.00000000
     3    0.00000000    0.00000000    0.00000000    0.00000000
     4    0.00000000    0.00000000    0.00000000    0.00054481
     5    0.00000021    0.00000000    0.00000000    0.00000000
     6    0.00000645    0.00000803    0.00001336    0.00000340
     7    0.00000284    0.00000000    0.00000000    0.00000000
     8    0.51919001    0.57381579    0.00000022    0.00000000
     9    0.00000000    0.00000000    0.00000000    0.00000038
    10    0.00000000    0.00000158    0.65974926    0.61600050
    11    0.52002331    0.00000722    0.00000000    0.00000000
    12    0.00000722    0.57384390    0.00001128    0.00000000
    13    0.00000000    0.00001128    0.65978353    0.00000942
    14    0.00000000    0.00000000    0.00000942    0.61655851
