 ************************ Laplacian bond order matrix ************************
             1             2             3             4             5      
     1    0.62605589    0.00000000    0.00000000    0.00000000    0.00000001
     2    0.00000000    0.67701983    0.00000000    0.00000000    0.00000000
     3    0.00000000    0.00000000    0.54749938    0.00000000    0.00000013
     4    0.00000000    0.00000000    0.00000000    0.60432559    0.00000000
     5    0.00000001    0.00000000    0.00000013    0.00000000    2.47828431
     6    0.00000183    0.00001988    0.00001047    0.00002052    1.36533857
     7    0.00000001    0.00000000    0.00000000    0.00000000    0.61662842
     8    0.00000000    0.00000000    0.00000003    0.00000000    0.49626347
     9    0.62530555    0.67699959    0.00000000    0.00000044    0.00000607
    10    0.00000000    0.00000037    0.54685584    0.60430462    0.00001097
    11    0.00000000    0.00000000    0.00000000    0.00000000    0.00001305
    12    0.00000000    0.00000000    0.00000000    0.00000000    0.00000872
    13    0.00000000    0.00000000    0.00063290    0.00000000    0.00000782
    14    0.00074851    0.00000000    0.00000000    0.00000000    0.00000708
             6             7             8             9            10      
     1    0.00000183    0.00000001    0.00000000    0.62530555    0.00000000
     2    0.00001988    0.00000000    0.00000000    0.67699959    0.00000037
     3    0.00001047    0.00000000    0.00000003    0.00000000    0.54685584
     4    0.00002052    0.00000000    0.00000000    0.00000044    0.60430462
     5    1.36533857    0.61662842    0.49626347    0.00000607    0.00001097
     6    3.28093076    0.00000420    0.00000326    0.91606708    0.99946455
     7    0.00000420    1.76405027    0.00000054    0.00000001    0.00000000
     8    0.00000326    0.00000054    1.77794683    0.00000000    0.00000002
     9    0.91606708    0.00000001    0.00000000    2.21840562    0.00000585
    10    0.99946455    0.00000000    0.00000002    0.00000585    2.15066651
    11    0.00000000    0.58001904    0.00000015    0.00000000    0.00000000
    12    0.00000000    0.00000013    0.72609342    0.00000000    0.00000000
    13    0.00000008    0.00000000    0.55558595    0.00000000    0.00002430
    14    0.00000032    0.56739792    0.00000000    0.00002103    0.00000000
            11            12            13            14      
     1    0.00000000    0.00000000    0.00000000    0.00074851
     2    0.00000000    0.00000000    0.00000000    0.00000000
     3    0.00000000    0.00000000    0.00063290    0.00000000
     4    0.00000000    0.00000000    0.00000000    0.00000000
     5    0.00001305    0.00000872    0.00000782    0.00000708
     6    0.00000000    0.00000000    0.00000008    0.00000032
     7    0.58001904    0.00000013    0.00000000    0.56739792
     8    0.00000015    0.72609342    0.55558595    0.00000000
     9    0.00000000    0.00000000    0.00000000    0.00002103
    10    0.00000000    0.00000000    0.00002430    0.00000000
    11    0.58004893    0.00001088    0.00000000    0.00000581
    12    0.00001088    0.72611846    0.00000531    0.00000000
    13    0.00000000    0.00000531    0.55625636    0.00000000
    14    0.00000581    0.00000000    0.00000000    0.56818065
