 ************************ Laplacian bond order matrix ************************
             1             2             3             4             5      
     1    0.51998968    0.00000000    0.00000000    0.00000000    0.00000008
     2    0.00000000    0.34069750    0.00000000    0.00000000    0.00000010
     3    0.00000000    0.00000000    0.53828666    0.00000000    0.00000000
     4    0.00000000    0.00000000    0.00000000    0.56984345    0.00000000
     5    0.00000008    0.00000010    0.00000000    0.00000000    2.51926816
     6    0.00001466    0.00000712    0.00004929    0.00002326    1.39109454
     7    0.00000000    0.00000027    0.00000000    0.00000000    0.60123766
     8    0.00000380    0.00000000    0.00000000    0.00000000    0.52688128
     9    0.51995030    0.00000000    0.53823266    0.00000091    0.00000500
    10    0.00000000    0.33912621    0.00000471    0.56981928    0.00000747
    11    0.00000000    0.00000000    0.00000000    0.00000000    0.00001391
    12    0.00002085    0.00000000    0.00000000    0.00000000    0.00000517
    13    0.00000000    0.00000000    0.00000000    0.00000000    0.00001931
    14    0.00000000    0.00156379    0.00000000    0.00000000    0.00000365
             6             7             8             9            10      
     1    0.00001466    0.00000000    0.00000380    0.51995030    0.00000000
     2    0.00000712    0.00000027    0.00000000    0.00000000    0.33912621
     3    0.00004929    0.00000000    0.00000000    0.53823266    0.00000471
     4    0.00002326    0.00000000    0.00000000    0.00000091    0.56981928
     5    1.39109454    0.60123766    0.52688128    0.00000500    0.00000747
     6    3.31222572    0.00000191    0.00000359    1.03959576    0.88143556
     7    0.00000191    1.81856584    0.00000093    0.00000000    0.00000001
     8    0.00000359    0.00000093    1.84419693    0.00000011    0.00000000
     9    1.03959576    0.00000000    0.00000011    2.09779879    0.00001341
    10    0.88143556    0.00000001    0.00000000    0.00001341    1.79040789
    11    0.00000000    0.65784043    0.00000243    0.00000000    0.00000000
    12    0.00000003    0.00000000    0.65774078    0.00000065    0.00000000
    13    0.00000000    0.00000007    0.65956403    0.00000000    0.00000000
    14    0.00000001    0.55948455    0.00000000    0.00000000    0.00000125
            11            12            13            14      
     1    0.00000000    0.00002085    0.00000000    0.00000000
     2    0.00000000    0.00000000    0.00000000    0.00156379
     3    0.00000000    0.00000000    0.00000000    0.00000000
     4    0.00000000    0.00000000    0.00000000    0.00000000
     5    0.00001391    0.00000517    0.00001931    0.00000365
     6    0.00000000    0.00000003    0.00000000    0.00000001
     7    0.65784043    0.00000000    0.00000007    0.55948455
     8    0.00000243    0.65774078    0.65956403    0.00000000
     9    0.00000000    0.00000065    0.00000000    0.00000000
    10    0.00000000    0.00000000    0.00000000    0.00000125
    11    0.65790307    0.00000000    0.00003869    0.00000761
    12    0.00000000    0.65777332    0.00000585    0.00000000
    13    0.00003869    0.00000585    0.65962795    0.00000000
    14    0.00000761    0.00000000    0.00000000    0.56106087
