 ************************ Laplacian bond order matrix ************************
             1             2             3             4             5      
     1    0.58257665    0.00000000    0.00000000    0.00000000    0.00000068
     2    0.00000000    0.59654910    0.00000000    0.00000000    0.00000000
     3    0.00000000    0.00000000    0.66018781    0.00000000    0.00000000
     4    0.00000000    0.00000000    0.00000000    0.42208418    0.00000000
     5    0.00000068    0.00000000    0.00000000    0.00000000    2.51783569
     6    0.00002569    0.00012053    0.00003168    0.00000117    1.40532425
     7    0.00000000    0.59642520    0.00000021    0.42122570    0.00000593
     8    0.00000000    0.00000000    0.00000000    0.00000000    0.52511007
     9    0.00000201    0.00000000    0.00000000    0.00000000    0.58735236
    10    0.58244559    0.00000338    0.66015592    0.00000000    0.00001037
    11    0.00010269    0.00000000    0.00000000    0.00000000    0.00000777
    12    0.00000000    0.00000000    0.00000000    0.00085729    0.00000819
    13    0.00000000    0.00000000    0.00000000    0.00000000    0.00000523
    14    0.00000000    0.00000000    0.00000000    0.00000000    0.00001084
             6             7             8             9            10      
     1    0.00002569    0.00000000    0.00000000    0.00000201    0.58244559
     2    0.00012053    0.59642520    0.00000000    0.00000000    0.00000338
     3    0.00003168    0.00000021    0.00000000    0.00000000    0.66015592
     4    0.00000117    0.42122570    0.00000000    0.00000000    0.00000000
     5    1.40532425    0.00000593    0.52511007    0.58735236    0.00001037
     6    3.24149547    1.00054419    0.00000231    0.00000230    0.83544286
     7    1.00054419    2.01822456    0.00000001    0.00000000    0.00000625
     8    0.00000231    0.00000001    1.76892455    0.00000131    0.00000000
     9    0.00000230    0.00000000    0.00000131    1.75200489    0.00000004
    10    0.83544286    0.00000625    0.00000000    0.00000004    2.07808207
    11    0.00000021    0.00000000    0.00000000    0.56493731    0.00001767
    12    0.00000029    0.00001707    0.49619155    0.00000000    0.00000000
    13    0.00000000    0.00000000    0.74761886    0.00000016    0.00000000
    14    0.00000000    0.00000000    0.00000044    0.59970939    0.00000000
            11            12            13            14      
     1    0.00010269    0.00000000    0.00000000    0.00000000
     2    0.00000000    0.00000000    0.00000000    0.00000000
     3    0.00000000    0.00000000    0.00000000    0.00000000
     4    0.00000000    0.00085729    0.00000000    0.00000000
     5    0.00000777    0.00000819    0.00000523    0.00001084
     6    0.00000021    0.00000029    0.00000000    0.00000000
     7    0.00000000    0.00001707    0.00000000    0.00000000
     8    0.00000000    0.49619155    0.74761886    0.00000044
     9    0.56493731    0.00000000    0.00000016    0.59970939
    10    0.00001767    0.00000000    0.00000000    0.00000000
    11    0.56507024    0.00000000    0.00000000    0.00000459
    12    0.00000000    0.49708072    0.00000633    0.00000000
    13    0.00000000    0.00000633    0.74792606    0.00029548
    14    0.00000459    0.00000000    0.00029548    0.60002074
