 ************************ Laplacian bond order matrix ************************
             1             2             3             4             5      
     1    0.63356346    0.00000000    0.00000000    0.00000000    0.00005857
     2    0.00000000    0.56143130    0.00000000    0.00000000    0.00002834
     3    0.00000000    0.00000000    0.57924666    0.00000000    0.00000716
     4    0.00000000    0.00000000    0.00000000    0.61063515    0.00000678
     5    0.00005857    0.00002834    0.00000716    0.00000678    3.23172269
     6    0.00000000    0.00000000    0.00000001    0.00000016    1.52374370
     7    0.63350275    0.00000091    0.57880769    0.00000000    0.85651419
     8    0.00000214    0.56140205    0.00000000    0.61041416    0.85135950
     9    0.00000000    0.00000000    0.00000000    0.00000106    0.00000182
    10    0.00000000    0.00000000    0.00000001    0.00000000    0.00000245
    11    0.00000000    0.00000000    0.00043178    0.00000000    0.00000017
    12    0.00000000    0.00000000    0.00000000    0.00000000    0.00000000
    13    0.00000000    0.00000000    0.00000000    0.00000000    0.00000000
    14    0.00000000    0.00000000    0.00000000    0.00021299    0.00000001
             6             7             8             9            10      
     1    0.00000000    0.63350275    0.00000214    0.00000000    0.00000000
     2    0.00000000    0.00000091    0.56140205    0.00000000    0.00000000
     3    0.00000001    0.57880769    0.00000000    0.00000000    0.00000001
     4    0.00000016    0.00000000    0.61041416    0.00000106    0.00000000
     5    1.52374370    0.85651419    0.85135950    0.00000182    0.00000245
     6    2.61244252    0.00000383    0.00001199    0.54969713    0.53895260
     7    0.00000383    2.06883993    0.00000869    0.00000000    0.00000000
     8    0.00001199    0.00000869    2.02319907    0.00000004    0.00000000
     9    0.54969713    0.00000000    0.00000004    1.74560489    0.00000165
    10    0.53895260    0.00000000    0.00000000    0.00000165    1.66602525
    11    0.00000688    0.00000186    0.00000000    0.00000000    0.55773100
    12    0.00001639    0.00000000    0.00000000    0.56865477    0.00000069
    13    0.00000485    0.00000000    0.00000000    0.00000132    0.56933683
    14    0.00000498    0.00000000    0.00000050    0.62724712    0.00000000
            11            12            13            14      
     1    0.00000000    0.00000000    0.00000000    0.00000000
     2    0.00000000    0.00000000    0.00000000    0.00000000
     3    0.00043178    0.00000000    0.00000000    0.00000000
     4    0.00000000    0.00000000    0.00000000    0.00021299
     5    0.00000017    0.00000000    0.00000000    0.00000001
     6    0.00000688    0.00001639    0.00000485    0.00000498
     7    0.00000186    0.00000000    0.00000000    0.00000000
     8    0.00000000    0.00000000    0.00000000    0.00000050
     9    0.00000000    0.56865477    0.00000132    0.62724712
    10    0.55773100    0.00000069    0.56933683    0.00000000
    11    0.55817968    0.00000000    0.00000798    0.00000000
    12    0.00000000    0.56871630    0.00003717    0.00000728
    13    0.00000798    0.00003717    0.56938817    0.00000000
    14    0.00000000    0.00000728    0.00000000    0.62747288
